(kicad_pcb (version 20171130) (host pcbnew "(5.1.10)-1")

  (general
    (thickness 1.6)
    (drawings 22)
    (tracks 0)
    (zones 0)
    (modules 44)
    (nets 73)
  )

  (page A4)
  (layers
    (0 F.Cu signal)
    (31 B.Cu signal)
    (32 B.Adhes user)
    (33 F.Adhes user)
    (34 B.Paste user)
    (35 F.Paste user)
    (36 B.SilkS user)
    (37 F.SilkS user)
    (38 B.Mask user)
    (39 F.Mask user)
    (40 Dwgs.User user)
    (41 Cmts.User user)
    (42 Eco1.User user)
    (43 Eco2.User user)
    (44 Edge.Cuts user)
    (45 Margin user)
    (46 B.CrtYd user)
    (47 F.CrtYd user)
    (48 B.Fab user)
    (49 F.Fab user)
  )

  (setup
    (last_trace_width 0.25)
    (trace_clearance 0.2)
    (zone_clearance 0.508)
    (zone_45_only no)
    (trace_min 0.2)
    (via_size 0.8)
    (via_drill 0.4)
    (via_min_size 0.4)
    (via_min_drill 0.3)
    (uvia_size 0.3)
    (uvia_drill 0.1)
    (uvias_allowed no)
    (uvia_min_size 0.2)
    (uvia_min_drill 0.1)
    (edge_width 0.05)
    (segment_width 0.2)
    (pcb_text_width 0.3)
    (pcb_text_size 1.5 1.5)
    (mod_edge_width 0.12)
    (mod_text_size 1 1)
    (mod_text_width 0.15)
    (pad_size 1.524 1.524)
    (pad_drill 0.762)
    (pad_to_mask_clearance 0)
    (aux_axis_origin 0 0)
    (visible_elements 7FFFFFFF)
    (pcbplotparams
      (layerselection 0x010fc_ffffffff)
      (usegerberextensions false)
      (usegerberattributes true)
      (usegerberadvancedattributes true)
      (creategerberjobfile true)
      (excludeedgelayer true)
      (linewidth 0.100000)
      (plotframeref false)
      (viasonmask false)
      (mode 1)
      (useauxorigin false)
      (hpglpennumber 1)
      (hpglpenspeed 20)
      (hpglpendiameter 15.000000)
      (psnegative false)
      (psa4output false)
      (plotreference true)
      (plotvalue true)
      (plotinvisibletext false)
      (padsonsilk false)
      (subtractmaskfromsilk false)
      (outputformat 1)
      (mirror false)
      (drillshape 1)
      (scaleselection 1)
      (outputdirectory ""))
  )

  (net 0 "")
  (net 1 /XIN)
  (net 2 GND)
  (net 3 "Net-(C2-Pad1)")
  (net 4 "Net-(C3-Pad2)")
  (net 5 VBUS)
  (net 6 +3V3)
  (net 7 +1V1)
  (net 8 "Net-(FUSE1-Pad1)")
  (net 9 "Net-(FUSE1-Pad2)")
  (net 10 /~USB_BOOT)
  (net 11 /USB_D-)
  (net 12 /USB_D+)
  (net 13 "Net-(J2-Pad4)")
  (net 14 "Net-(LDM1-Pad1)")
  (net 15 "Net-(LDM1-Pad2)")
  (net 16 "Net-(PS1-Pad3)")
  (net 17 "Net-(PS1-Pad4)")
  (net 18 "Net-(PS1-Pad6)")
  (net 19 "Net-(PS1-Pad2)")
  (net 20 "Net-(P_CY1-Pad1)")
  (net 21 /QSPI_SS)
  (net 22 /XOUT)
  (net 23 "Net-(R4-Pad2)")
  (net 24 "Net-(R5-Pad2)")
  (net 25 IRQ_DWM1000)
  (net 26 /QSPI_SD1)
  (net 27 /QSPI_SD2)
  (net 28 /QSPI_SD0)
  (net 29 /QSPI_SCLK)
  (net 30 /QSPI_SD3)
  (net 31 /GPIO0)
  (net 32 /GPIO1)
  (net 33 /GPIO2)
  (net 34 /GPIO3)
  (net 35 /GPIO4)
  (net 36 /GPIO5)
  (net 37 /GPIO6)
  (net 38 /GPIO7)
  (net 39 /GPIO15)
  (net 40 /SWCLK)
  (net 41 /SWD)
  (net 42 /RUN)
  (net 43 /GPIO16)
  (net 44 /GPIO17)
  (net 45 /GPIO18)
  (net 46 /GPIO19)
  (net 47 /GPIO20)
  (net 48 /GPIO21)
  (net 49 /GPIO22)
  (net 50 /GPIO23)
  (net 51 /GPIO24)
  (net 52 /GPIO25)
  (net 53 /GPIO26_ADC0)
  (net 54 /GPIO27_ADC1)
  (net 55 /GPIO28_ADC2)
  (net 56 /GPIO29_ADC3)
  (net 57 "Net-(UWB_Module1-Pad1)")
  (net 58 "Net-(UWB_Module1-Pad2)")
  (net 59 RSTn_DWM1000)
  (net 60 "Net-(UWB_Module1-Pad4)")
  (net 61 "Net-(UWB_Module1-Pad9)")
  (net 62 "Net-(UWB_Module1-Pad10)")
  (net 63 "Net-(UWB_Module1-Pad11)")
  (net 64 "Net-(UWB_Module1-Pad12)")
  (net 65 "Net-(UWB_Module1-Pad13)")
  (net 66 "Net-(UWB_Module1-Pad14)")
  (net 67 "Net-(UWB_Module1-Pad15)")
  (net 68 CS_DWM1000)
  (net 69 MOSI)
  (net 70 MISO)
  (net 71 SCK)
  (net 72 LED_DATA_L)

  (net_class Default "This is the default net class."
    (clearance 0.2)
    (trace_width 0.25)
    (via_dia 0.8)
    (via_drill 0.4)
    (uvia_dia 0.3)
    (uvia_drill 0.1)
    (add_net +1V1)
    (add_net +3V3)
    (add_net /GPIO0)
    (add_net /GPIO1)
    (add_net /GPIO15)
    (add_net /GPIO16)
    (add_net /GPIO17)
    (add_net /GPIO18)
    (add_net /GPIO19)
    (add_net /GPIO2)
    (add_net /GPIO20)
    (add_net /GPIO21)
    (add_net /GPIO22)
    (add_net /GPIO23)
    (add_net /GPIO24)
    (add_net /GPIO25)
    (add_net /GPIO26_ADC0)
    (add_net /GPIO27_ADC1)
    (add_net /GPIO28_ADC2)
    (add_net /GPIO29_ADC3)
    (add_net /GPIO3)
    (add_net /GPIO4)
    (add_net /GPIO5)
    (add_net /GPIO6)
    (add_net /GPIO7)
    (add_net /QSPI_SCLK)
    (add_net /QSPI_SD0)
    (add_net /QSPI_SD1)
    (add_net /QSPI_SD2)
    (add_net /QSPI_SD3)
    (add_net /QSPI_SS)
    (add_net /RUN)
    (add_net /SWCLK)
    (add_net /SWD)
    (add_net /USB_D+)
    (add_net /USB_D-)
    (add_net /XIN)
    (add_net /XOUT)
    (add_net /~USB_BOOT)
    (add_net CS_DWM1000)
    (add_net GND)
    (add_net IRQ_DWM1000)
    (add_net LED_DATA_L)
    (add_net MISO)
    (add_net MOSI)
    (add_net "Net-(C2-Pad1)")
    (add_net "Net-(C3-Pad2)")
    (add_net "Net-(FUSE1-Pad1)")
    (add_net "Net-(FUSE1-Pad2)")
    (add_net "Net-(J2-Pad4)")
    (add_net "Net-(LDM1-Pad1)")
    (add_net "Net-(LDM1-Pad2)")
    (add_net "Net-(PS1-Pad2)")
    (add_net "Net-(PS1-Pad3)")
    (add_net "Net-(PS1-Pad4)")
    (add_net "Net-(PS1-Pad6)")
    (add_net "Net-(P_CY1-Pad1)")
    (add_net "Net-(R4-Pad2)")
    (add_net "Net-(R5-Pad2)")
    (add_net "Net-(UWB_Module1-Pad1)")
    (add_net "Net-(UWB_Module1-Pad10)")
    (add_net "Net-(UWB_Module1-Pad11)")
    (add_net "Net-(UWB_Module1-Pad12)")
    (add_net "Net-(UWB_Module1-Pad13)")
    (add_net "Net-(UWB_Module1-Pad14)")
    (add_net "Net-(UWB_Module1-Pad15)")
    (add_net "Net-(UWB_Module1-Pad2)")
    (add_net "Net-(UWB_Module1-Pad4)")
    (add_net "Net-(UWB_Module1-Pad9)")
    (add_net RSTn_DWM1000)
    (add_net SCK)
    (add_net VBUS)
  )

  (module Capacitor_SMD:C_0805_2012Metric_Pad1.18x1.45mm_HandSolder (layer B.Cu) (tedit 5F68FEEF) (tstamp 6220064B)
    (at 160.02 86.36)
    (descr "Capacitor SMD 0805 (2012 Metric), square (rectangular) end terminal, IPC_7351 nominal with elongated pad for handsoldering. (Body size source: IPC-SM-782 page 76, https://www.pcb-3d.com/wordpress/wp-content/uploads/ipc-sm-782a_amendment_1_and_2.pdf, https://docs.google.com/spreadsheets/d/1BsfQQcO9C6DZCsRaXUlFlo91Tg2WpOkGARC1WS5S8t0/edit?usp=sharing), generated with kicad-footprint-generator")
    (tags "capacitor handsolder")
    (path /5ED96B87)
    (attr smd)
    (fp_text reference C1 (at 0 1.68) (layer B.SilkS)
      (effects (font (size 1 1) (thickness 0.15)) (justify mirror))
    )
    (fp_text value 27pF (at 0 -1.68) (layer B.Fab)
      (effects (font (size 1 1) (thickness 0.15)) (justify mirror))
    )
    (fp_line (start -1 -0.625) (end -1 0.625) (layer B.Fab) (width 0.1))
    (fp_line (start -1 0.625) (end 1 0.625) (layer B.Fab) (width 0.1))
    (fp_line (start 1 0.625) (end 1 -0.625) (layer B.Fab) (width 0.1))
    (fp_line (start 1 -0.625) (end -1 -0.625) (layer B.Fab) (width 0.1))
    (fp_line (start -0.261252 0.735) (end 0.261252 0.735) (layer B.SilkS) (width 0.12))
    (fp_line (start -0.261252 -0.735) (end 0.261252 -0.735) (layer B.SilkS) (width 0.12))
    (fp_line (start -1.88 -0.98) (end -1.88 0.98) (layer B.CrtYd) (width 0.05))
    (fp_line (start -1.88 0.98) (end 1.88 0.98) (layer B.CrtYd) (width 0.05))
    (fp_line (start 1.88 0.98) (end 1.88 -0.98) (layer B.CrtYd) (width 0.05))
    (fp_line (start 1.88 -0.98) (end -1.88 -0.98) (layer B.CrtYd) (width 0.05))
    (fp_text user %R (at 0 0) (layer B.Fab)
      (effects (font (size 0.5 0.5) (thickness 0.08)) (justify mirror))
    )
    (pad 1 smd roundrect (at -1.0375 0) (size 1.175 1.45) (layers B.Cu B.Paste B.Mask) (roundrect_rratio 0.212766)
      (net 1 /XIN))
    (pad 2 smd roundrect (at 1.0375 0) (size 1.175 1.45) (layers B.Cu B.Paste B.Mask) (roundrect_rratio 0.212766)
      (net 2 GND))
    (model ${KISYS3DMOD}/Capacitor_SMD.3dshapes/C_0805_2012Metric.wrl
      (at (xyz 0 0 0))
      (scale (xyz 1 1 1))
      (rotate (xyz 0 0 0))
    )
  )

  (module Capacitor_SMD:C_0805_2012Metric_Pad1.18x1.45mm_HandSolder (layer B.Cu) (tedit 5F68FEEF) (tstamp 6221A4BE)
    (at 158.75 106.68 180)
    (descr "Capacitor SMD 0805 (2012 Metric), square (rectangular) end terminal, IPC_7351 nominal with elongated pad for handsoldering. (Body size source: IPC-SM-782 page 76, https://www.pcb-3d.com/wordpress/wp-content/uploads/ipc-sm-782a_amendment_1_and_2.pdf, https://docs.google.com/spreadsheets/d/1BsfQQcO9C6DZCsRaXUlFlo91Tg2WpOkGARC1WS5S8t0/edit?usp=sharing), generated with kicad-footprint-generator")
    (tags "capacitor handsolder")
    (path /5ED98685)
    (attr smd)
    (fp_text reference C2 (at 0 1.68) (layer B.SilkS)
      (effects (font (size 1 1) (thickness 0.15)) (justify mirror))
    )
    (fp_text value 27pF (at 0 -1.68) (layer B.Fab)
      (effects (font (size 1 1) (thickness 0.15)) (justify mirror))
    )
    (fp_line (start 1.88 -0.98) (end -1.88 -0.98) (layer B.CrtYd) (width 0.05))
    (fp_line (start 1.88 0.98) (end 1.88 -0.98) (layer B.CrtYd) (width 0.05))
    (fp_line (start -1.88 0.98) (end 1.88 0.98) (layer B.CrtYd) (width 0.05))
    (fp_line (start -1.88 -0.98) (end -1.88 0.98) (layer B.CrtYd) (width 0.05))
    (fp_line (start -0.261252 -0.735) (end 0.261252 -0.735) (layer B.SilkS) (width 0.12))
    (fp_line (start -0.261252 0.735) (end 0.261252 0.735) (layer B.SilkS) (width 0.12))
    (fp_line (start 1 -0.625) (end -1 -0.625) (layer B.Fab) (width 0.1))
    (fp_line (start 1 0.625) (end 1 -0.625) (layer B.Fab) (width 0.1))
    (fp_line (start -1 0.625) (end 1 0.625) (layer B.Fab) (width 0.1))
    (fp_line (start -1 -0.625) (end -1 0.625) (layer B.Fab) (width 0.1))
    (fp_text user %R (at 0 0) (layer B.Fab)
      (effects (font (size 0.5 0.5) (thickness 0.08)) (justify mirror))
    )
    (pad 2 smd roundrect (at 1.0375 0 180) (size 1.175 1.45) (layers B.Cu B.Paste B.Mask) (roundrect_rratio 0.212766)
      (net 2 GND))
    (pad 1 smd roundrect (at -1.0375 0 180) (size 1.175 1.45) (layers B.Cu B.Paste B.Mask) (roundrect_rratio 0.212766)
      (net 3 "Net-(C2-Pad1)"))
    (model ${KISYS3DMOD}/Capacitor_SMD.3dshapes/C_0805_2012Metric.wrl
      (at (xyz 0 0 0))
      (scale (xyz 1 1 1))
      (rotate (xyz 0 0 0))
    )
  )

  (module Capacitor_SMD:C_0805_2012Metric_Pad1.18x1.45mm_HandSolder (layer B.Cu) (tedit 5F68FEEF) (tstamp 6221256C)
    (at 128.27 68.58 270)
    (descr "Capacitor SMD 0805 (2012 Metric), square (rectangular) end terminal, IPC_7351 nominal with elongated pad for handsoldering. (Body size source: IPC-SM-782 page 76, https://www.pcb-3d.com/wordpress/wp-content/uploads/ipc-sm-782a_amendment_1_and_2.pdf, https://docs.google.com/spreadsheets/d/1BsfQQcO9C6DZCsRaXUlFlo91Tg2WpOkGARC1WS5S8t0/edit?usp=sharing), generated with kicad-footprint-generator")
    (tags "capacitor handsolder")
    (path /6214BA82)
    (attr smd)
    (fp_text reference C3 (at 0 1.68 90) (layer B.SilkS)
      (effects (font (size 1 1) (thickness 0.15)) (justify mirror))
    )
    (fp_text value 0.47uF (at 0 -1.68 90) (layer B.Fab)
      (effects (font (size 1 1) (thickness 0.15)) (justify mirror))
    )
    (fp_line (start -1 -0.625) (end -1 0.625) (layer B.Fab) (width 0.1))
    (fp_line (start -1 0.625) (end 1 0.625) (layer B.Fab) (width 0.1))
    (fp_line (start 1 0.625) (end 1 -0.625) (layer B.Fab) (width 0.1))
    (fp_line (start 1 -0.625) (end -1 -0.625) (layer B.Fab) (width 0.1))
    (fp_line (start -0.261252 0.735) (end 0.261252 0.735) (layer B.SilkS) (width 0.12))
    (fp_line (start -0.261252 -0.735) (end 0.261252 -0.735) (layer B.SilkS) (width 0.12))
    (fp_line (start -1.88 -0.98) (end -1.88 0.98) (layer B.CrtYd) (width 0.05))
    (fp_line (start -1.88 0.98) (end 1.88 0.98) (layer B.CrtYd) (width 0.05))
    (fp_line (start 1.88 0.98) (end 1.88 -0.98) (layer B.CrtYd) (width 0.05))
    (fp_line (start 1.88 -0.98) (end -1.88 -0.98) (layer B.CrtYd) (width 0.05))
    (fp_text user %R (at 0 0 90) (layer B.Fab)
      (effects (font (size 0.5 0.5) (thickness 0.08)) (justify mirror))
    )
    (pad 1 smd roundrect (at -1.0375 0 270) (size 1.175 1.45) (layers B.Cu B.Paste B.Mask) (roundrect_rratio 0.212766)
      (net 2 GND))
    (pad 2 smd roundrect (at 1.0375 0 270) (size 1.175 1.45) (layers B.Cu B.Paste B.Mask) (roundrect_rratio 0.212766)
      (net 4 "Net-(C3-Pad2)"))
    (model ${KISYS3DMOD}/Capacitor_SMD.3dshapes/C_0805_2012Metric.wrl
      (at (xyz 0 0 0))
      (scale (xyz 1 1 1))
      (rotate (xyz 0 0 0))
    )
  )

  (module Capacitor_SMD:C_0805_2012Metric_Pad1.18x1.45mm_HandSolder (layer B.Cu) (tedit 5F68FEEF) (tstamp 6220067E)
    (at 134.62 105.41 270)
    (descr "Capacitor SMD 0805 (2012 Metric), square (rectangular) end terminal, IPC_7351 nominal with elongated pad for handsoldering. (Body size source: IPC-SM-782 page 76, https://www.pcb-3d.com/wordpress/wp-content/uploads/ipc-sm-782a_amendment_1_and_2.pdf, https://docs.google.com/spreadsheets/d/1BsfQQcO9C6DZCsRaXUlFlo91Tg2WpOkGARC1WS5S8t0/edit?usp=sharing), generated with kicad-footprint-generator")
    (tags "capacitor handsolder")
    (path /5F09255D)
    (attr smd)
    (fp_text reference C4 (at 0 1.68 90) (layer B.SilkS)
      (effects (font (size 1 1) (thickness 0.15)) (justify mirror))
    )
    (fp_text value 10uF (at 0 -1.68 90) (layer B.Fab)
      (effects (font (size 1 1) (thickness 0.15)) (justify mirror))
    )
    (fp_line (start -1 -0.625) (end -1 0.625) (layer B.Fab) (width 0.1))
    (fp_line (start -1 0.625) (end 1 0.625) (layer B.Fab) (width 0.1))
    (fp_line (start 1 0.625) (end 1 -0.625) (layer B.Fab) (width 0.1))
    (fp_line (start 1 -0.625) (end -1 -0.625) (layer B.Fab) (width 0.1))
    (fp_line (start -0.261252 0.735) (end 0.261252 0.735) (layer B.SilkS) (width 0.12))
    (fp_line (start -0.261252 -0.735) (end 0.261252 -0.735) (layer B.SilkS) (width 0.12))
    (fp_line (start -1.88 -0.98) (end -1.88 0.98) (layer B.CrtYd) (width 0.05))
    (fp_line (start -1.88 0.98) (end 1.88 0.98) (layer B.CrtYd) (width 0.05))
    (fp_line (start 1.88 0.98) (end 1.88 -0.98) (layer B.CrtYd) (width 0.05))
    (fp_line (start 1.88 -0.98) (end -1.88 -0.98) (layer B.CrtYd) (width 0.05))
    (fp_text user %R (at 0 0 90) (layer B.Fab)
      (effects (font (size 0.5 0.5) (thickness 0.08)) (justify mirror))
    )
    (pad 1 smd roundrect (at -1.0375 0 270) (size 1.175 1.45) (layers B.Cu B.Paste B.Mask) (roundrect_rratio 0.212766)
      (net 5 VBUS))
    (pad 2 smd roundrect (at 1.0375 0 270) (size 1.175 1.45) (layers B.Cu B.Paste B.Mask) (roundrect_rratio 0.212766)
      (net 2 GND))
    (model ${KISYS3DMOD}/Capacitor_SMD.3dshapes/C_0805_2012Metric.wrl
      (at (xyz 0 0 0))
      (scale (xyz 1 1 1))
      (rotate (xyz 0 0 0))
    )
  )

  (module Capacitor_SMD:C_0805_2012Metric_Pad1.18x1.45mm_HandSolder (layer B.Cu) (tedit 5F68FEEF) (tstamp 6220068F)
    (at 138.43 104.14)
    (descr "Capacitor SMD 0805 (2012 Metric), square (rectangular) end terminal, IPC_7351 nominal with elongated pad for handsoldering. (Body size source: IPC-SM-782 page 76, https://www.pcb-3d.com/wordpress/wp-content/uploads/ipc-sm-782a_amendment_1_and_2.pdf, https://docs.google.com/spreadsheets/d/1BsfQQcO9C6DZCsRaXUlFlo91Tg2WpOkGARC1WS5S8t0/edit?usp=sharing), generated with kicad-footprint-generator")
    (tags "capacitor handsolder")
    (path /5F0930A1)
    (attr smd)
    (fp_text reference C5 (at 0 1.68) (layer B.SilkS)
      (effects (font (size 1 1) (thickness 0.15)) (justify mirror))
    )
    (fp_text value 10uF (at 0 -1.68) (layer B.Fab)
      (effects (font (size 1 1) (thickness 0.15)) (justify mirror))
    )
    (fp_text user %R (at 0 0) (layer B.Fab)
      (effects (font (size 0.5 0.5) (thickness 0.08)) (justify mirror))
    )
    (fp_line (start -1 -0.625) (end -1 0.625) (layer B.Fab) (width 0.1))
    (fp_line (start -1 0.625) (end 1 0.625) (layer B.Fab) (width 0.1))
    (fp_line (start 1 0.625) (end 1 -0.625) (layer B.Fab) (width 0.1))
    (fp_line (start 1 -0.625) (end -1 -0.625) (layer B.Fab) (width 0.1))
    (fp_line (start -0.261252 0.735) (end 0.261252 0.735) (layer B.SilkS) (width 0.12))
    (fp_line (start -0.261252 -0.735) (end 0.261252 -0.735) (layer B.SilkS) (width 0.12))
    (fp_line (start -1.88 -0.98) (end -1.88 0.98) (layer B.CrtYd) (width 0.05))
    (fp_line (start -1.88 0.98) (end 1.88 0.98) (layer B.CrtYd) (width 0.05))
    (fp_line (start 1.88 0.98) (end 1.88 -0.98) (layer B.CrtYd) (width 0.05))
    (fp_line (start 1.88 -0.98) (end -1.88 -0.98) (layer B.CrtYd) (width 0.05))
    (pad 1 smd roundrect (at -1.0375 0) (size 1.175 1.45) (layers B.Cu B.Paste B.Mask) (roundrect_rratio 0.212766)
      (net 6 +3V3))
    (pad 2 smd roundrect (at 1.0375 0) (size 1.175 1.45) (layers B.Cu B.Paste B.Mask) (roundrect_rratio 0.212766)
      (net 2 GND))
    (model ${KISYS3DMOD}/Capacitor_SMD.3dshapes/C_0805_2012Metric.wrl
      (at (xyz 0 0 0))
      (scale (xyz 1 1 1))
      (rotate (xyz 0 0 0))
    )
  )

  (module Capacitor_SMD:C_0805_2012Metric_Pad1.18x1.45mm_HandSolder (layer B.Cu) (tedit 5F68FEEF) (tstamp 622006A0)
    (at 130.81 77.47 270)
    (descr "Capacitor SMD 0805 (2012 Metric), square (rectangular) end terminal, IPC_7351 nominal with elongated pad for handsoldering. (Body size source: IPC-SM-782 page 76, https://www.pcb-3d.com/wordpress/wp-content/uploads/ipc-sm-782a_amendment_1_and_2.pdf, https://docs.google.com/spreadsheets/d/1BsfQQcO9C6DZCsRaXUlFlo91Tg2WpOkGARC1WS5S8t0/edit?usp=sharing), generated with kicad-footprint-generator")
    (tags "capacitor handsolder")
    (path /63269AF2)
    (attr smd)
    (fp_text reference C6 (at 0 1.68 90) (layer B.SilkS)
      (effects (font (size 1 1) (thickness 0.15)) (justify mirror))
    )
    (fp_text value 100nF (at 0 -1.68 90) (layer B.Fab)
      (effects (font (size 1 1) (thickness 0.15)) (justify mirror))
    )
    (fp_line (start -1 -0.625) (end -1 0.625) (layer B.Fab) (width 0.1))
    (fp_line (start -1 0.625) (end 1 0.625) (layer B.Fab) (width 0.1))
    (fp_line (start 1 0.625) (end 1 -0.625) (layer B.Fab) (width 0.1))
    (fp_line (start 1 -0.625) (end -1 -0.625) (layer B.Fab) (width 0.1))
    (fp_line (start -0.261252 0.735) (end 0.261252 0.735) (layer B.SilkS) (width 0.12))
    (fp_line (start -0.261252 -0.735) (end 0.261252 -0.735) (layer B.SilkS) (width 0.12))
    (fp_line (start -1.88 -0.98) (end -1.88 0.98) (layer B.CrtYd) (width 0.05))
    (fp_line (start -1.88 0.98) (end 1.88 0.98) (layer B.CrtYd) (width 0.05))
    (fp_line (start 1.88 0.98) (end 1.88 -0.98) (layer B.CrtYd) (width 0.05))
    (fp_line (start 1.88 -0.98) (end -1.88 -0.98) (layer B.CrtYd) (width 0.05))
    (fp_text user %R (at 0 0 90) (layer B.Fab)
      (effects (font (size 0.5 0.5) (thickness 0.08)) (justify mirror))
    )
    (pad 1 smd roundrect (at -1.0375 0 270) (size 1.175 1.45) (layers B.Cu B.Paste B.Mask) (roundrect_rratio 0.212766)
      (net 6 +3V3))
    (pad 2 smd roundrect (at 1.0375 0 270) (size 1.175 1.45) (layers B.Cu B.Paste B.Mask) (roundrect_rratio 0.212766)
      (net 2 GND))
    (model ${KISYS3DMOD}/Capacitor_SMD.3dshapes/C_0805_2012Metric.wrl
      (at (xyz 0 0 0))
      (scale (xyz 1 1 1))
      (rotate (xyz 0 0 0))
    )
  )

  (module Capacitor_SMD:C_0805_2012Metric_Pad1.18x1.45mm_HandSolder (layer B.Cu) (tedit 5F68FEEF) (tstamp 622006B1)
    (at 154.94 82.55)
    (descr "Capacitor SMD 0805 (2012 Metric), square (rectangular) end terminal, IPC_7351 nominal with elongated pad for handsoldering. (Body size source: IPC-SM-782 page 76, https://www.pcb-3d.com/wordpress/wp-content/uploads/ipc-sm-782a_amendment_1_and_2.pdf, https://docs.google.com/spreadsheets/d/1BsfQQcO9C6DZCsRaXUlFlo91Tg2WpOkGARC1WS5S8t0/edit?usp=sharing), generated with kicad-footprint-generator")
    (tags "capacitor handsolder")
    (path /5EF00505)
    (attr smd)
    (fp_text reference C7 (at 0 1.68) (layer B.SilkS)
      (effects (font (size 1 1) (thickness 0.15)) (justify mirror))
    )
    (fp_text value 100nF (at 0 -1.68) (layer B.Fab)
      (effects (font (size 1 1) (thickness 0.15)) (justify mirror))
    )
    (fp_text user %R (at 0 0) (layer B.Fab)
      (effects (font (size 0.5 0.5) (thickness 0.08)) (justify mirror))
    )
    (fp_line (start 1.88 -0.98) (end -1.88 -0.98) (layer B.CrtYd) (width 0.05))
    (fp_line (start 1.88 0.98) (end 1.88 -0.98) (layer B.CrtYd) (width 0.05))
    (fp_line (start -1.88 0.98) (end 1.88 0.98) (layer B.CrtYd) (width 0.05))
    (fp_line (start -1.88 -0.98) (end -1.88 0.98) (layer B.CrtYd) (width 0.05))
    (fp_line (start -0.261252 -0.735) (end 0.261252 -0.735) (layer B.SilkS) (width 0.12))
    (fp_line (start -0.261252 0.735) (end 0.261252 0.735) (layer B.SilkS) (width 0.12))
    (fp_line (start 1 -0.625) (end -1 -0.625) (layer B.Fab) (width 0.1))
    (fp_line (start 1 0.625) (end 1 -0.625) (layer B.Fab) (width 0.1))
    (fp_line (start -1 0.625) (end 1 0.625) (layer B.Fab) (width 0.1))
    (fp_line (start -1 -0.625) (end -1 0.625) (layer B.Fab) (width 0.1))
    (pad 2 smd roundrect (at 1.0375 0) (size 1.175 1.45) (layers B.Cu B.Paste B.Mask) (roundrect_rratio 0.212766)
      (net 2 GND))
    (pad 1 smd roundrect (at -1.0375 0) (size 1.175 1.45) (layers B.Cu B.Paste B.Mask) (roundrect_rratio 0.212766)
      (net 7 +1V1))
    (model ${KISYS3DMOD}/Capacitor_SMD.3dshapes/C_0805_2012Metric.wrl
      (at (xyz 0 0 0))
      (scale (xyz 1 1 1))
      (rotate (xyz 0 0 0))
    )
  )

  (module Capacitor_SMD:C_0805_2012Metric_Pad1.18x1.45mm_HandSolder (layer B.Cu) (tedit 5F68FEEF) (tstamp 622006C2)
    (at 139.7 83.82 180)
    (descr "Capacitor SMD 0805 (2012 Metric), square (rectangular) end terminal, IPC_7351 nominal with elongated pad for handsoldering. (Body size source: IPC-SM-782 page 76, https://www.pcb-3d.com/wordpress/wp-content/uploads/ipc-sm-782a_amendment_1_and_2.pdf, https://docs.google.com/spreadsheets/d/1BsfQQcO9C6DZCsRaXUlFlo91Tg2WpOkGARC1WS5S8t0/edit?usp=sharing), generated with kicad-footprint-generator")
    (tags "capacitor handsolder")
    (path /5EF0050F)
    (attr smd)
    (fp_text reference C8 (at 0 1.68) (layer B.SilkS)
      (effects (font (size 1 1) (thickness 0.15)) (justify mirror))
    )
    (fp_text value 100nF (at 0 -1.68) (layer B.Fab)
      (effects (font (size 1 1) (thickness 0.15)) (justify mirror))
    )
    (fp_line (start 1.88 -0.98) (end -1.88 -0.98) (layer B.CrtYd) (width 0.05))
    (fp_line (start 1.88 0.98) (end 1.88 -0.98) (layer B.CrtYd) (width 0.05))
    (fp_line (start -1.88 0.98) (end 1.88 0.98) (layer B.CrtYd) (width 0.05))
    (fp_line (start -1.88 -0.98) (end -1.88 0.98) (layer B.CrtYd) (width 0.05))
    (fp_line (start -0.261252 -0.735) (end 0.261252 -0.735) (layer B.SilkS) (width 0.12))
    (fp_line (start -0.261252 0.735) (end 0.261252 0.735) (layer B.SilkS) (width 0.12))
    (fp_line (start 1 -0.625) (end -1 -0.625) (layer B.Fab) (width 0.1))
    (fp_line (start 1 0.625) (end 1 -0.625) (layer B.Fab) (width 0.1))
    (fp_line (start -1 0.625) (end 1 0.625) (layer B.Fab) (width 0.1))
    (fp_line (start -1 -0.625) (end -1 0.625) (layer B.Fab) (width 0.1))
    (fp_text user %R (at 0 0) (layer B.Fab)
      (effects (font (size 0.5 0.5) (thickness 0.08)) (justify mirror))
    )
    (pad 2 smd roundrect (at 1.0375 0 180) (size 1.175 1.45) (layers B.Cu B.Paste B.Mask) (roundrect_rratio 0.212766)
      (net 2 GND))
    (pad 1 smd roundrect (at -1.0375 0 180) (size 1.175 1.45) (layers B.Cu B.Paste B.Mask) (roundrect_rratio 0.212766)
      (net 7 +1V1))
    (model ${KISYS3DMOD}/Capacitor_SMD.3dshapes/C_0805_2012Metric.wrl
      (at (xyz 0 0 0))
      (scale (xyz 1 1 1))
      (rotate (xyz 0 0 0))
    )
  )

  (module Capacitor_SMD:C_0805_2012Metric_Pad1.18x1.45mm_HandSolder (layer B.Cu) (tedit 5F68FEEF) (tstamp 622006D3)
    (at 139.7 86.36 180)
    (descr "Capacitor SMD 0805 (2012 Metric), square (rectangular) end terminal, IPC_7351 nominal with elongated pad for handsoldering. (Body size source: IPC-SM-782 page 76, https://www.pcb-3d.com/wordpress/wp-content/uploads/ipc-sm-782a_amendment_1_and_2.pdf, https://docs.google.com/spreadsheets/d/1BsfQQcO9C6DZCsRaXUlFlo91Tg2WpOkGARC1WS5S8t0/edit?usp=sharing), generated with kicad-footprint-generator")
    (tags "capacitor handsolder")
    (path /5EF07987)
    (attr smd)
    (fp_text reference C9 (at 0 1.68) (layer B.SilkS)
      (effects (font (size 1 1) (thickness 0.15)) (justify mirror))
    )
    (fp_text value 1uF (at 0 -1.68) (layer B.Fab)
      (effects (font (size 1 1) (thickness 0.15)) (justify mirror))
    )
    (fp_line (start -1 -0.625) (end -1 0.625) (layer B.Fab) (width 0.1))
    (fp_line (start -1 0.625) (end 1 0.625) (layer B.Fab) (width 0.1))
    (fp_line (start 1 0.625) (end 1 -0.625) (layer B.Fab) (width 0.1))
    (fp_line (start 1 -0.625) (end -1 -0.625) (layer B.Fab) (width 0.1))
    (fp_line (start -0.261252 0.735) (end 0.261252 0.735) (layer B.SilkS) (width 0.12))
    (fp_line (start -0.261252 -0.735) (end 0.261252 -0.735) (layer B.SilkS) (width 0.12))
    (fp_line (start -1.88 -0.98) (end -1.88 0.98) (layer B.CrtYd) (width 0.05))
    (fp_line (start -1.88 0.98) (end 1.88 0.98) (layer B.CrtYd) (width 0.05))
    (fp_line (start 1.88 0.98) (end 1.88 -0.98) (layer B.CrtYd) (width 0.05))
    (fp_line (start 1.88 -0.98) (end -1.88 -0.98) (layer B.CrtYd) (width 0.05))
    (fp_text user %R (at 0 0) (layer B.Fab)
      (effects (font (size 0.5 0.5) (thickness 0.08)) (justify mirror))
    )
    (pad 1 smd roundrect (at -1.0375 0 180) (size 1.175 1.45) (layers B.Cu B.Paste B.Mask) (roundrect_rratio 0.212766)
      (net 7 +1V1))
    (pad 2 smd roundrect (at 1.0375 0 180) (size 1.175 1.45) (layers B.Cu B.Paste B.Mask) (roundrect_rratio 0.212766)
      (net 2 GND))
    (model ${KISYS3DMOD}/Capacitor_SMD.3dshapes/C_0805_2012Metric.wrl
      (at (xyz 0 0 0))
      (scale (xyz 1 1 1))
      (rotate (xyz 0 0 0))
    )
  )

  (module Capacitor_SMD:C_0805_2012Metric_Pad1.18x1.45mm_HandSolder (layer B.Cu) (tedit 5F68FEEF) (tstamp 622006E4)
    (at 144.78 76.2 90)
    (descr "Capacitor SMD 0805 (2012 Metric), square (rectangular) end terminal, IPC_7351 nominal with elongated pad for handsoldering. (Body size source: IPC-SM-782 page 76, https://www.pcb-3d.com/wordpress/wp-content/uploads/ipc-sm-782a_amendment_1_and_2.pdf, https://docs.google.com/spreadsheets/d/1BsfQQcO9C6DZCsRaXUlFlo91Tg2WpOkGARC1WS5S8t0/edit?usp=sharing), generated with kicad-footprint-generator")
    (tags "capacitor handsolder")
    (path /5EEEE897)
    (attr smd)
    (fp_text reference C10 (at 0 1.68 90) (layer B.SilkS)
      (effects (font (size 1 1) (thickness 0.15)) (justify mirror))
    )
    (fp_text value 100nF (at 0 -1.68 90) (layer B.Fab)
      (effects (font (size 1 1) (thickness 0.15)) (justify mirror))
    )
    (fp_line (start -1 -0.625) (end -1 0.625) (layer B.Fab) (width 0.1))
    (fp_line (start -1 0.625) (end 1 0.625) (layer B.Fab) (width 0.1))
    (fp_line (start 1 0.625) (end 1 -0.625) (layer B.Fab) (width 0.1))
    (fp_line (start 1 -0.625) (end -1 -0.625) (layer B.Fab) (width 0.1))
    (fp_line (start -0.261252 0.735) (end 0.261252 0.735) (layer B.SilkS) (width 0.12))
    (fp_line (start -0.261252 -0.735) (end 0.261252 -0.735) (layer B.SilkS) (width 0.12))
    (fp_line (start -1.88 -0.98) (end -1.88 0.98) (layer B.CrtYd) (width 0.05))
    (fp_line (start -1.88 0.98) (end 1.88 0.98) (layer B.CrtYd) (width 0.05))
    (fp_line (start 1.88 0.98) (end 1.88 -0.98) (layer B.CrtYd) (width 0.05))
    (fp_line (start 1.88 -0.98) (end -1.88 -0.98) (layer B.CrtYd) (width 0.05))
    (fp_text user %R (at 0 0 90) (layer B.Fab)
      (effects (font (size 0.5 0.5) (thickness 0.08)) (justify mirror))
    )
    (pad 1 smd roundrect (at -1.0375 0 90) (size 1.175 1.45) (layers B.Cu B.Paste B.Mask) (roundrect_rratio 0.212766)
      (net 6 +3V3))
    (pad 2 smd roundrect (at 1.0375 0 90) (size 1.175 1.45) (layers B.Cu B.Paste B.Mask) (roundrect_rratio 0.212766)
      (net 2 GND))
    (model ${KISYS3DMOD}/Capacitor_SMD.3dshapes/C_0805_2012Metric.wrl
      (at (xyz 0 0 0))
      (scale (xyz 1 1 1))
      (rotate (xyz 0 0 0))
    )
  )

  (module Capacitor_SMD:C_0805_2012Metric_Pad1.18x1.45mm_HandSolder (layer B.Cu) (tedit 5F68FEEF) (tstamp 622006F5)
    (at 139.7 88.9 180)
    (descr "Capacitor SMD 0805 (2012 Metric), square (rectangular) end terminal, IPC_7351 nominal with elongated pad for handsoldering. (Body size source: IPC-SM-782 page 76, https://www.pcb-3d.com/wordpress/wp-content/uploads/ipc-sm-782a_amendment_1_and_2.pdf, https://docs.google.com/spreadsheets/d/1BsfQQcO9C6DZCsRaXUlFlo91Tg2WpOkGARC1WS5S8t0/edit?usp=sharing), generated with kicad-footprint-generator")
    (tags "capacitor handsolder")
    (path /5EF08170)
    (attr smd)
    (fp_text reference C11 (at 0 1.68) (layer B.SilkS)
      (effects (font (size 1 1) (thickness 0.15)) (justify mirror))
    )
    (fp_text value 1uF (at 0 -1.68) (layer B.Fab)
      (effects (font (size 1 1) (thickness 0.15)) (justify mirror))
    )
    (fp_line (start 1.88 -0.98) (end -1.88 -0.98) (layer B.CrtYd) (width 0.05))
    (fp_line (start 1.88 0.98) (end 1.88 -0.98) (layer B.CrtYd) (width 0.05))
    (fp_line (start -1.88 0.98) (end 1.88 0.98) (layer B.CrtYd) (width 0.05))
    (fp_line (start -1.88 -0.98) (end -1.88 0.98) (layer B.CrtYd) (width 0.05))
    (fp_line (start -0.261252 -0.735) (end 0.261252 -0.735) (layer B.SilkS) (width 0.12))
    (fp_line (start -0.261252 0.735) (end 0.261252 0.735) (layer B.SilkS) (width 0.12))
    (fp_line (start 1 -0.625) (end -1 -0.625) (layer B.Fab) (width 0.1))
    (fp_line (start 1 0.625) (end 1 -0.625) (layer B.Fab) (width 0.1))
    (fp_line (start -1 0.625) (end 1 0.625) (layer B.Fab) (width 0.1))
    (fp_line (start -1 -0.625) (end -1 0.625) (layer B.Fab) (width 0.1))
    (fp_text user %R (at 0 0) (layer B.Fab)
      (effects (font (size 0.5 0.5) (thickness 0.08)) (justify mirror))
    )
    (pad 2 smd roundrect (at 1.0375 0 180) (size 1.175 1.45) (layers B.Cu B.Paste B.Mask) (roundrect_rratio 0.212766)
      (net 2 GND))
    (pad 1 smd roundrect (at -1.0375 0 180) (size 1.175 1.45) (layers B.Cu B.Paste B.Mask) (roundrect_rratio 0.212766)
      (net 6 +3V3))
    (model ${KISYS3DMOD}/Capacitor_SMD.3dshapes/C_0805_2012Metric.wrl
      (at (xyz 0 0 0))
      (scale (xyz 1 1 1))
      (rotate (xyz 0 0 0))
    )
  )

  (module Capacitor_SMD:C_0805_2012Metric_Pad1.18x1.45mm_HandSolder (layer B.Cu) (tedit 5F68FEEF) (tstamp 62200706)
    (at 148.59 76.2 90)
    (descr "Capacitor SMD 0805 (2012 Metric), square (rectangular) end terminal, IPC_7351 nominal with elongated pad for handsoldering. (Body size source: IPC-SM-782 page 76, https://www.pcb-3d.com/wordpress/wp-content/uploads/ipc-sm-782a_amendment_1_and_2.pdf, https://docs.google.com/spreadsheets/d/1BsfQQcO9C6DZCsRaXUlFlo91Tg2WpOkGARC1WS5S8t0/edit?usp=sharing), generated with kicad-footprint-generator")
    (tags "capacitor handsolder")
    (path /5EEF00BB)
    (attr smd)
    (fp_text reference C12 (at 0 1.68 90) (layer B.SilkS)
      (effects (font (size 1 1) (thickness 0.15)) (justify mirror))
    )
    (fp_text value 100nF (at 0 -1.68 90) (layer B.Fab)
      (effects (font (size 1 1) (thickness 0.15)) (justify mirror))
    )
    (fp_line (start 1.88 -0.98) (end -1.88 -0.98) (layer B.CrtYd) (width 0.05))
    (fp_line (start 1.88 0.98) (end 1.88 -0.98) (layer B.CrtYd) (width 0.05))
    (fp_line (start -1.88 0.98) (end 1.88 0.98) (layer B.CrtYd) (width 0.05))
    (fp_line (start -1.88 -0.98) (end -1.88 0.98) (layer B.CrtYd) (width 0.05))
    (fp_line (start -0.261252 -0.735) (end 0.261252 -0.735) (layer B.SilkS) (width 0.12))
    (fp_line (start -0.261252 0.735) (end 0.261252 0.735) (layer B.SilkS) (width 0.12))
    (fp_line (start 1 -0.625) (end -1 -0.625) (layer B.Fab) (width 0.1))
    (fp_line (start 1 0.625) (end 1 -0.625) (layer B.Fab) (width 0.1))
    (fp_line (start -1 0.625) (end 1 0.625) (layer B.Fab) (width 0.1))
    (fp_line (start -1 -0.625) (end -1 0.625) (layer B.Fab) (width 0.1))
    (fp_text user %R (at 0 0 90) (layer B.Fab)
      (effects (font (size 0.5 0.5) (thickness 0.08)) (justify mirror))
    )
    (pad 2 smd roundrect (at 1.0375 0 90) (size 1.175 1.45) (layers B.Cu B.Paste B.Mask) (roundrect_rratio 0.212766)
      (net 2 GND))
    (pad 1 smd roundrect (at -1.0375 0 90) (size 1.175 1.45) (layers B.Cu B.Paste B.Mask) (roundrect_rratio 0.212766)
      (net 6 +3V3))
    (model ${KISYS3DMOD}/Capacitor_SMD.3dshapes/C_0805_2012Metric.wrl
      (at (xyz 0 0 0))
      (scale (xyz 1 1 1))
      (rotate (xyz 0 0 0))
    )
  )

  (module Capacitor_SMD:C_0805_2012Metric_Pad1.18x1.45mm_HandSolder (layer B.Cu) (tedit 5F68FEEF) (tstamp 62200717)
    (at 154.94 80.01)
    (descr "Capacitor SMD 0805 (2012 Metric), square (rectangular) end terminal, IPC_7351 nominal with elongated pad for handsoldering. (Body size source: IPC-SM-782 page 76, https://www.pcb-3d.com/wordpress/wp-content/uploads/ipc-sm-782a_amendment_1_and_2.pdf, https://docs.google.com/spreadsheets/d/1BsfQQcO9C6DZCsRaXUlFlo91Tg2WpOkGARC1WS5S8t0/edit?usp=sharing), generated with kicad-footprint-generator")
    (tags "capacitor handsolder")
    (path /5EEF0473)
    (attr smd)
    (fp_text reference C13 (at 0 1.68) (layer B.SilkS)
      (effects (font (size 1 1) (thickness 0.15)) (justify mirror))
    )
    (fp_text value 100nF (at 0 -1.68) (layer B.Fab)
      (effects (font (size 1 1) (thickness 0.15)) (justify mirror))
    )
    (fp_line (start 1.88 -0.98) (end -1.88 -0.98) (layer B.CrtYd) (width 0.05))
    (fp_line (start 1.88 0.98) (end 1.88 -0.98) (layer B.CrtYd) (width 0.05))
    (fp_line (start -1.88 0.98) (end 1.88 0.98) (layer B.CrtYd) (width 0.05))
    (fp_line (start -1.88 -0.98) (end -1.88 0.98) (layer B.CrtYd) (width 0.05))
    (fp_line (start -0.261252 -0.735) (end 0.261252 -0.735) (layer B.SilkS) (width 0.12))
    (fp_line (start -0.261252 0.735) (end 0.261252 0.735) (layer B.SilkS) (width 0.12))
    (fp_line (start 1 -0.625) (end -1 -0.625) (layer B.Fab) (width 0.1))
    (fp_line (start 1 0.625) (end 1 -0.625) (layer B.Fab) (width 0.1))
    (fp_line (start -1 0.625) (end 1 0.625) (layer B.Fab) (width 0.1))
    (fp_line (start -1 -0.625) (end -1 0.625) (layer B.Fab) (width 0.1))
    (fp_text user %R (at 0 0) (layer B.Fab)
      (effects (font (size 0.5 0.5) (thickness 0.08)) (justify mirror))
    )
    (pad 2 smd roundrect (at 1.0375 0) (size 1.175 1.45) (layers B.Cu B.Paste B.Mask) (roundrect_rratio 0.212766)
      (net 2 GND))
    (pad 1 smd roundrect (at -1.0375 0) (size 1.175 1.45) (layers B.Cu B.Paste B.Mask) (roundrect_rratio 0.212766)
      (net 6 +3V3))
    (model ${KISYS3DMOD}/Capacitor_SMD.3dshapes/C_0805_2012Metric.wrl
      (at (xyz 0 0 0))
      (scale (xyz 1 1 1))
      (rotate (xyz 0 0 0))
    )
  )

  (module Capacitor_SMD:C_0805_2012Metric_Pad1.18x1.45mm_HandSolder (layer B.Cu) (tedit 5F68FEEF) (tstamp 62200728)
    (at 148.59 91.44 270)
    (descr "Capacitor SMD 0805 (2012 Metric), square (rectangular) end terminal, IPC_7351 nominal with elongated pad for handsoldering. (Body size source: IPC-SM-782 page 76, https://www.pcb-3d.com/wordpress/wp-content/uploads/ipc-sm-782a_amendment_1_and_2.pdf, https://docs.google.com/spreadsheets/d/1BsfQQcO9C6DZCsRaXUlFlo91Tg2WpOkGARC1WS5S8t0/edit?usp=sharing), generated with kicad-footprint-generator")
    (tags "capacitor handsolder")
    (path /5EEF0994)
    (attr smd)
    (fp_text reference C14 (at 0 1.68 90) (layer B.SilkS)
      (effects (font (size 1 1) (thickness 0.15)) (justify mirror))
    )
    (fp_text value 100nF (at 0 -1.68 90) (layer B.Fab)
      (effects (font (size 1 1) (thickness 0.15)) (justify mirror))
    )
    (fp_line (start -1 -0.625) (end -1 0.625) (layer B.Fab) (width 0.1))
    (fp_line (start -1 0.625) (end 1 0.625) (layer B.Fab) (width 0.1))
    (fp_line (start 1 0.625) (end 1 -0.625) (layer B.Fab) (width 0.1))
    (fp_line (start 1 -0.625) (end -1 -0.625) (layer B.Fab) (width 0.1))
    (fp_line (start -0.261252 0.735) (end 0.261252 0.735) (layer B.SilkS) (width 0.12))
    (fp_line (start -0.261252 -0.735) (end 0.261252 -0.735) (layer B.SilkS) (width 0.12))
    (fp_line (start -1.88 -0.98) (end -1.88 0.98) (layer B.CrtYd) (width 0.05))
    (fp_line (start -1.88 0.98) (end 1.88 0.98) (layer B.CrtYd) (width 0.05))
    (fp_line (start 1.88 0.98) (end 1.88 -0.98) (layer B.CrtYd) (width 0.05))
    (fp_line (start 1.88 -0.98) (end -1.88 -0.98) (layer B.CrtYd) (width 0.05))
    (fp_text user %R (at 0 0 90) (layer F.Fab)
      (effects (font (size 0.5 0.5) (thickness 0.08)))
    )
    (pad 1 smd roundrect (at -1.0375 0 270) (size 1.175 1.45) (layers B.Cu B.Paste B.Mask) (roundrect_rratio 0.212766)
      (net 6 +3V3))
    (pad 2 smd roundrect (at 1.0375 0 270) (size 1.175 1.45) (layers B.Cu B.Paste B.Mask) (roundrect_rratio 0.212766)
      (net 2 GND))
    (model ${KISYS3DMOD}/Capacitor_SMD.3dshapes/C_0805_2012Metric.wrl
      (at (xyz 0 0 0))
      (scale (xyz 1 1 1))
      (rotate (xyz 0 0 0))
    )
  )

  (module Capacitor_SMD:C_0805_2012Metric_Pad1.18x1.45mm_HandSolder (layer B.Cu) (tedit 5F68FEEF) (tstamp 62200739)
    (at 158.5175 67.31)
    (descr "Capacitor SMD 0805 (2012 Metric), square (rectangular) end terminal, IPC_7351 nominal with elongated pad for handsoldering. (Body size source: IPC-SM-782 page 76, https://www.pcb-3d.com/wordpress/wp-content/uploads/ipc-sm-782a_amendment_1_and_2.pdf, https://docs.google.com/spreadsheets/d/1BsfQQcO9C6DZCsRaXUlFlo91Tg2WpOkGARC1WS5S8t0/edit?usp=sharing), generated with kicad-footprint-generator")
    (tags "capacitor handsolder")
    (path /5F1AF96D)
    (attr smd)
    (fp_text reference C18 (at 0 1.68) (layer B.SilkS)
      (effects (font (size 1 1) (thickness 0.15)) (justify mirror))
    )
    (fp_text value 10uF (at 0 -1.68) (layer B.Fab)
      (effects (font (size 1 1) (thickness 0.15)) (justify mirror))
    )
    (fp_line (start -1 -0.625) (end -1 0.625) (layer B.Fab) (width 0.1))
    (fp_line (start -1 0.625) (end 1 0.625) (layer B.Fab) (width 0.1))
    (fp_line (start 1 0.625) (end 1 -0.625) (layer B.Fab) (width 0.1))
    (fp_line (start 1 -0.625) (end -1 -0.625) (layer B.Fab) (width 0.1))
    (fp_line (start -0.261252 0.735) (end 0.261252 0.735) (layer B.SilkS) (width 0.12))
    (fp_line (start -0.261252 -0.735) (end 0.261252 -0.735) (layer B.SilkS) (width 0.12))
    (fp_line (start -1.88 -0.98) (end -1.88 0.98) (layer B.CrtYd) (width 0.05))
    (fp_line (start -1.88 0.98) (end 1.88 0.98) (layer B.CrtYd) (width 0.05))
    (fp_line (start 1.88 0.98) (end 1.88 -0.98) (layer B.CrtYd) (width 0.05))
    (fp_line (start 1.88 -0.98) (end -1.88 -0.98) (layer B.CrtYd) (width 0.05))
    (fp_text user %R (at 0 0) (layer B.Fab)
      (effects (font (size 0.5 0.5) (thickness 0.08)) (justify mirror))
    )
    (pad 1 smd roundrect (at -1.0375 0) (size 1.175 1.45) (layers B.Cu B.Paste B.Mask) (roundrect_rratio 0.212766)
      (net 6 +3V3))
    (pad 2 smd roundrect (at 1.0375 0) (size 1.175 1.45) (layers B.Cu B.Paste B.Mask) (roundrect_rratio 0.212766)
      (net 2 GND))
    (model ${KISYS3DMOD}/Capacitor_SMD.3dshapes/C_0805_2012Metric.wrl
      (at (xyz 0 0 0))
      (scale (xyz 1 1 1))
      (rotate (xyz 0 0 0))
    )
  )

  (module Capacitor_SMD:C_0805_2012Metric_Pad1.18x1.45mm_HandSolder (layer B.Cu) (tedit 5F68FEEF) (tstamp 6220074A)
    (at 143.51 91.44 270)
    (descr "Capacitor SMD 0805 (2012 Metric), square (rectangular) end terminal, IPC_7351 nominal with elongated pad for handsoldering. (Body size source: IPC-SM-782 page 76, https://www.pcb-3d.com/wordpress/wp-content/uploads/ipc-sm-782a_amendment_1_and_2.pdf, https://docs.google.com/spreadsheets/d/1BsfQQcO9C6DZCsRaXUlFlo91Tg2WpOkGARC1WS5S8t0/edit?usp=sharing), generated with kicad-footprint-generator")
    (tags "capacitor handsolder")
    (path /5EEF89B3)
    (attr smd)
    (fp_text reference C15 (at 0 1.68 90) (layer B.SilkS)
      (effects (font (size 1 1) (thickness 0.15)) (justify mirror))
    )
    (fp_text value 100nF (at 0 -1.68 90) (layer B.Fab)
      (effects (font (size 1 1) (thickness 0.15)) (justify mirror))
    )
    (fp_line (start 1.88 -0.98) (end -1.88 -0.98) (layer B.CrtYd) (width 0.05))
    (fp_line (start 1.88 0.98) (end 1.88 -0.98) (layer B.CrtYd) (width 0.05))
