(kicad_pcb (version 20171130) (host pcbnew "(5.1.10)-1")

  (general
    (thickness 1.6)
    (drawings 8)
    (tracks 386)
    (zones 0)
    (modules 41)
    (nets 61)
  )

  (page A4)
  (layers
    (0 F.Cu signal)
    (31 B.Cu signal)
    (32 B.Adhes user)
    (33 F.Adhes user)
    (34 B.Paste user)
    (35 F.Paste user)
    (36 B.SilkS user)
    (37 F.SilkS user)
    (38 B.Mask user)
    (39 F.Mask user)
    (40 Dwgs.User user)
    (41 Cmts.User user)
    (42 Eco1.User user)
    (43 Eco2.User user)
    (44 Edge.Cuts user)
    (45 Margin user)
    (46 B.CrtYd user)
    (47 F.CrtYd user)
    (48 B.Fab user)
    (49 F.Fab user)
  )

  (setup
    (last_trace_width 0.25)
    (user_trace_width 0.508)
    (trace_clearance 0.2)
    (zone_clearance 0.508)
    (zone_45_only no)
    (trace_min 0.2)
    (via_size 0.8)
    (via_drill 0.4)
    (via_min_size 0.4)
    (via_min_drill 0.3)
    (uvia_size 0.3)
    (uvia_drill 0.1)
    (uvias_allowed no)
    (uvia_min_size 0.2)
    (uvia_min_drill 0.1)
    (edge_width 0.05)
    (segment_width 0.2)
    (pcb_text_width 0.3)
    (pcb_text_size 1.5 1.5)
    (mod_edge_width 0.12)
    (mod_text_size 1 1)
    (mod_text_width 0.15)
    (pad_size 1.524 1.524)
    (pad_drill 0.762)
    (pad_to_mask_clearance 0)
    (aux_axis_origin 0 0)
    (visible_elements 7FFFFFFF)
    (pcbplotparams
      (layerselection 0x010f0_ffffffff)
      (usegerberextensions false)
      (usegerberattributes true)
      (usegerberadvancedattributes true)
      (creategerberjobfile true)
      (excludeedgelayer true)
      (linewidth 0.100000)
      (plotframeref false)
      (viasonmask false)
      (mode 1)
      (useauxorigin false)
      (hpglpennumber 1)
      (hpglpenspeed 20)
      (hpglpendiameter 15.000000)
      (psnegative false)
      (psa4output false)
      (plotreference true)
      (plotvalue true)
      (plotinvisibletext false)
      (padsonsilk false)
      (subtractmaskfromsilk false)
      (outputformat 1)
      (mirror false)
      (drillshape 0)
      (scaleselection 1)
      (outputdirectory "./"))
  )

  (net 0 "")
  (net 1 SCK)
  (net 2 "Net-(Arduino_Nano_33_IoT1-Pad2)")
  (net 3 "Net-(Arduino_Nano_33_IoT1-Pad3)")
  (net 4 "Net-(Arduino_Nano_33_IoT1-Pad4)")
  (net 5 "Net-(Arduino_Nano_33_IoT1-Pad5)")
  (net 6 "Net-(Arduino_Nano_33_IoT1-Pad6)")
  (net 7 "Net-(Arduino_Nano_33_IoT1-Pad7)")
  (net 8 "Net-(Arduino_Nano_33_IoT1-Pad8)")
  (net 9 "Net-(Arduino_Nano_33_IoT1-Pad9)")
  (net 10 "Net-(Arduino_Nano_33_IoT1-Pad10)")
  (net 11 "Net-(Arduino_Nano_33_IoT1-Pad11)")
  (net 12 "Net-(Arduino_Nano_33_IoT1-Pad12)")
  (net 13 "Net-(Arduino_Nano_33_IoT1-Pad13)")
  (net 14 GND)
  (net 15 "Net-(Arduino_Nano_33_IoT1-Pad15)")
  (net 16 "Net-(Arduino_Nano_33_IoT1-Pad16)")
  (net 17 "Net-(Arduino_Nano_33_IoT1-Pad17)")
  (net 18 LED_DATA_L)
  (net 19 "Net-(Arduino_Nano_33_IoT1-Pad21)")
  (net 20 "Net-(Arduino_Nano_33_IoT1-Pad22)")
  (net 21 "Net-(Arduino_Nano_33_IoT1-Pad23)")
  (net 22 "Net-(Arduino_Nano_33_IoT1-Pad24)")
  (net 23 "Net-(Arduino_Nano_33_IoT1-Pad25)")
  (net 24 IRQ_DWM1000)
  (net 25 RSTn_DWM1000)
  (net 26 CS_DWM1000)
  (net 27 MOSI)
  (net 28 MISO)
  (net 29 VUSB)
  (net 30 +3V3)
  (net 31 "Net-(C14-Pad1)")
  (net 32 "Net-(C15-Pad1)")
  (net 33 "Net-(C16-Pad2)")
  (net 34 LED_DATA_H)
  (net 35 "Net-(D1-Pad2)")
  (net 36 "Net-(D2-Pad2)")
  (net 37 "Net-(D3-Pad2)")
  (net 38 "Net-(D4-Pad2)")
  (net 39 "Net-(D5-Pad2)")
  (net 40 "Net-(D6-Pad2)")
  (net 41 "Net-(D7-Pad2)")
  (net 42 "Net-(D8-Pad2)")
  (net 43 "Net-(D10-Pad4)")
  (net 44 "Net-(D10-Pad2)")
  (net 45 "Net-(D11-Pad2)")
  (net 46 "Net-(D12-Pad2)")
  (net 47 "Net-(J1-Pad2)")
  (net 48 "Net-(J1-Pad4)")
  (net 49 "Net-(J1-Pad3)")
  (net 50 "Net-(L1-Pad1)")
  (net 51 "Net-(UWB_Module1-Pad1)")
  (net 52 "Net-(UWB_Module1-Pad2)")
  (net 53 "Net-(UWB_Module1-Pad4)")
  (net 54 "Net-(UWB_Module1-Pad9)")
  (net 55 "Net-(UWB_Module1-Pad10)")
  (net 56 "Net-(UWB_Module1-Pad11)")
  (net 57 "Net-(UWB_Module1-Pad12)")
  (net 58 "Net-(UWB_Module1-Pad13)")
  (net 59 "Net-(UWB_Module1-Pad14)")
  (net 60 "Net-(UWB_Module1-Pad15)")

  (net_class Default "This is the default net class."
    (clearance 0.2)
    (trace_width 0.25)
    (via_dia 0.8)
    (via_drill 0.4)
    (uvia_dia 0.3)
    (uvia_drill 0.1)
    (add_net +3V3)
    (add_net CS_DWM1000)
    (add_net GND)
    (add_net IRQ_DWM1000)
    (add_net LED_DATA_H)
    (add_net LED_DATA_L)
    (add_net MISO)
    (add_net MOSI)
    (add_net "Net-(Arduino_Nano_33_IoT1-Pad10)")
    (add_net "Net-(Arduino_Nano_33_IoT1-Pad11)")
    (add_net "Net-(Arduino_Nano_33_IoT1-Pad12)")
    (add_net "Net-(Arduino_Nano_33_IoT1-Pad13)")
    (add_net "Net-(Arduino_Nano_33_IoT1-Pad15)")
    (add_net "Net-(Arduino_Nano_33_IoT1-Pad16)")
    (add_net "Net-(Arduino_Nano_33_IoT1-Pad17)")
    (add_net "Net-(Arduino_Nano_33_IoT1-Pad2)")
    (add_net "Net-(Arduino_Nano_33_IoT1-Pad21)")
    (add_net "Net-(Arduino_Nano_33_IoT1-Pad22)")
    (add_net "Net-(Arduino_Nano_33_IoT1-Pad23)")
    (add_net "Net-(Arduino_Nano_33_IoT1-Pad24)")
    (add_net "Net-(Arduino_Nano_33_IoT1-Pad25)")
    (add_net "Net-(Arduino_Nano_33_IoT1-Pad3)")
    (add_net "Net-(Arduino_Nano_33_IoT1-Pad4)")
    (add_net "Net-(Arduino_Nano_33_IoT1-Pad5)")
    (add_net "Net-(Arduino_Nano_33_IoT1-Pad6)")
    (add_net "Net-(Arduino_Nano_33_IoT1-Pad7)")
    (add_net "Net-(Arduino_Nano_33_IoT1-Pad8)")
    (add_net "Net-(Arduino_Nano_33_IoT1-Pad9)")
    (add_net "Net-(C14-Pad1)")
    (add_net "Net-(C15-Pad1)")
    (add_net "Net-(C16-Pad2)")
    (add_net "Net-(D1-Pad2)")
    (add_net "Net-(D10-Pad2)")
    (add_net "Net-(D10-Pad4)")
    (add_net "Net-(D11-Pad2)")
    (add_net "Net-(D12-Pad2)")
    (add_net "Net-(D2-Pad2)")
    (add_net "Net-(D3-Pad2)")
    (add_net "Net-(D4-Pad2)")
    (add_net "Net-(D5-Pad2)")
    (add_net "Net-(D6-Pad2)")
    (add_net "Net-(D7-Pad2)")
    (add_net "Net-(D8-Pad2)")
    (add_net "Net-(J1-Pad2)")
    (add_net "Net-(J1-Pad3)")
    (add_net "Net-(J1-Pad4)")
    (add_net "Net-(L1-Pad1)")
    (add_net "Net-(UWB_Module1-Pad1)")
    (add_net "Net-(UWB_Module1-Pad10)")
    (add_net "Net-(UWB_Module1-Pad11)")
    (add_net "Net-(UWB_Module1-Pad12)")
    (add_net "Net-(UWB_Module1-Pad13)")
    (add_net "Net-(UWB_Module1-Pad14)")
    (add_net "Net-(UWB_Module1-Pad15)")
    (add_net "Net-(UWB_Module1-Pad2)")
    (add_net "Net-(UWB_Module1-Pad4)")
    (add_net "Net-(UWB_Module1-Pad9)")
    (add_net RSTn_DWM1000)
    (add_net SCK)
    (add_net VUSB)
  )

  (module RF_Module:DWM1000 (layer F.Cu) (tedit 5A5206A0) (tstamp 61F14D5F)
    (at 139.7 86.36)
    (descr "IEEE802.15.4-2011 UWB")
    (tags "UWB Module")
    (path /61E21B43)
    (attr smd)
    (fp_text reference UWB_Module (at 10.16 -6.35 -270) (layer F.SilkS)
      (effects (font (size 1 1) (thickness 0.15)))
    )
    (fp_text value DWM1000 (at 0 7.5) (layer F.Fab)
      (effects (font (size 1 1) (thickness 0.15)))
    )
    (fp_line (start 6.35 -12.7) (end 8.89 -10.16) (layer Dwgs.User) (width 0.15))
    (fp_line (start 2.54 -12.7) (end 8.89 -6.35) (layer Dwgs.User) (width 0.15))
    (fp_line (start -1.27 -12.7) (end 8.89 -2.54) (layer Dwgs.User) (width 0.15))
    (fp_line (start 6.35 -1.27) (end -5.08 -12.7) (layer Dwgs.User) (width 0.15))
    (fp_line (start 2.54 -1.27) (end -8.89 -12.7) (layer Dwgs.User) (width 0.15))
    (fp_line (start -8.89 -8.89) (end -1.27 -1.27) (layer Dwgs.User) (width 0.15))
    (fp_line (start -8.89 -5.08) (end -5.08 -1.27) (layer Dwgs.User) (width 0.15))
    (fp_line (start -8.89 -12.7) (end 8.89 -12.7) (layer Dwgs.User) (width 0.15))
    (fp_line (start 8.89 -12.7) (end 8.89 -1.27) (layer Dwgs.User) (width 0.15))
    (fp_line (start 8.89 -1.27) (end -8.89 -1.27) (layer Dwgs.User) (width 0.15))
    (fp_line (start -8.89 -1.27) (end -8.89 -12.7) (layer Dwgs.User) (width 0.15))
    (fp_line (start -6 11.75) (end -6.75 11.75) (layer F.SilkS) (width 0.15))
    (fp_line (start -6.75 11.75) (end -6.75 10) (layer F.SilkS) (width 0.15))
    (fp_line (start 6 11.75) (end 6.75 11.75) (layer F.SilkS) (width 0.15))
    (fp_line (start 6.75 11.75) (end 6.75 10) (layer F.SilkS) (width 0.15))
    (fp_line (start 6.5 11.5) (end 6.5 -11.5) (layer F.Fab) (width 0.15))
    (fp_line (start 6.5 -11.5) (end -6.5 -11.5) (layer F.Fab) (width 0.15))
    (fp_line (start -6.5 -11.5) (end -6.5 11.5) (layer F.Fab) (width 0.15))
    (fp_line (start -6.5 11.5) (end 6.5 11.5) (layer F.Fab) (width 0.15))
    (fp_line (start -7.85 12.85) (end 7.85 12.85) (layer F.CrtYd) (width 0.05))
    (fp_line (start 7.85 12.85) (end 7.85 -11.85) (layer F.CrtYd) (width 0.05))
    (fp_line (start 7.85 -11.85) (end -7.85 -11.85) (layer F.CrtYd) (width 0.05))
    (fp_line (start -7.85 -11.85) (end -7.85 12.85) (layer F.CrtYd) (width 0.05))
    (fp_line (start -3.81 -2.47) (end -3.81 -10.725) (layer F.Fab) (width 0.15))
    (fp_line (start -3.81 -10.725) (end 1.905 -10.725) (layer F.Fab) (width 0.15))
    (fp_line (start 1.905 -10.725) (end 1.905 -2.47) (layer F.Fab) (width 0.15))
    (fp_line (start 1.905 -2.47) (end -3.81 -2.47) (layer F.Fab) (width 0.15))
    (fp_line (start -5.08 10.865) (end -5.715 10.23) (layer F.Fab) (width 0.15))
    (fp_line (start -5.715 10.23) (end -5.715 -1.2) (layer F.Fab) (width 0.15))
    (fp_line (start -5.715 -1.2) (end 4.445 -1.2) (layer F.Fab) (width 0.15))
    (fp_line (start 4.445 -1.2) (end 5.08 -1.2) (layer F.Fab) (width 0.15))
    (fp_line (start 5.08 -1.2) (end 5.715 -0.565) (layer F.Fab) (width 0.15))
    (fp_line (start 5.715 -0.565) (end 5.715 10.865) (layer F.Fab) (width 0.15))
    (fp_line (start 5.715 10.865) (end -5.08 10.865) (layer F.Fab) (width 0.15))
    (fp_line (start -6.75 -11.75) (end 6.75 -11.75) (layer F.SilkS) (width 0.15))
    (fp_line (start 6.75 -11.75) (end 6.75 -1.75) (layer F.SilkS) (width 0.15))
    (fp_line (start -6.75 -11.75) (end -6.75 -1.75) (layer F.SilkS) (width 0.15))
    (fp_text user %R (at 0 0) (layer F.Fab)
      (effects (font (size 1 1) (thickness 0.15)))
    )
    (fp_text user "KEEP-OUT ZONE" (at 0 -8.89) (layer Cmts.User)
      (effects (font (size 1 1) (thickness 0.15)))
    )
    (fp_text user "no components, traces, or copper on any layer" (at 0 -6.35) (layer Cmts.User)
      (effects (font (size 0.5 0.5) (thickness 0.03175)))
    )
    (pad 24 smd rect (at 6.3 -0.7988 90) (size 1 2.45) (layers F.Cu F.Paste F.Mask)
      (net 14 GND))
    (pad 23 smd rect (at 6.3 0.6012 90) (size 1 2.45) (layers F.Cu F.Paste F.Mask)
      (net 14 GND))
    (pad 22 smd rect (at 6.3 2.0012 90) (size 1 2.45) (layers F.Cu F.Paste F.Mask)
      (net 24 IRQ_DWM1000))
    (pad 21 smd rect (at 6.3 3.4012 90) (size 1 2.45) (layers F.Cu F.Paste F.Mask)
      (net 14 GND))
    (pad 20 smd rect (at 6.3 4.8012 90) (size 1 2.45) (layers F.Cu F.Paste F.Mask)
      (net 1 SCK))
    (pad 19 smd rect (at 6.3 6.2012 90) (size 1 2.45) (layers F.Cu F.Paste F.Mask)
      (net 28 MISO))
    (pad 18 smd rect (at 6.3 7.6 90) (size 1 2.45) (layers F.Cu F.Paste F.Mask)
      (net 27 MOSI))
    (pad 17 smd rect (at 6.3 9 90) (size 1 2.45) (layers F.Cu F.Paste F.Mask)
      (net 26 CS_DWM1000))
    (pad 16 smd rect (at 4.9 11.2962) (size 1 2.45) (layers F.Cu F.Paste F.Mask)
      (net 14 GND))
    (pad 15 smd rect (at 3.5 11.2962) (size 1 2.45) (layers F.Cu F.Paste F.Mask)
      (net 60 "Net-(UWB_Module1-Pad15)"))
    (pad 14 smd rect (at 2.1 11.2962) (size 1 2.45) (layers F.Cu F.Paste F.Mask)
      (net 59 "Net-(UWB_Module1-Pad14)"))
    (pad 13 smd rect (at 0.7 11.2962) (size 1 2.45) (layers F.Cu F.Paste F.Mask)
      (net 58 "Net-(UWB_Module1-Pad13)"))
    (pad 12 smd rect (at -0.7 11.2962) (size 1 2.45) (layers F.Cu F.Paste F.Mask)
      (net 57 "Net-(UWB_Module1-Pad12)"))
    (pad 11 smd rect (at -2.1 11.2962) (size 1 2.45) (layers F.Cu F.Paste F.Mask)
      (net 56 "Net-(UWB_Module1-Pad11)"))
    (pad 10 smd rect (at -3.5 11.2962) (size 1 2.45) (layers F.Cu F.Paste F.Mask)
      (net 55 "Net-(UWB_Module1-Pad10)"))
    (pad 9 smd rect (at -4.9 11.2962) (size 1 2.45) (layers F.Cu F.Paste F.Mask)
      (net 54 "Net-(UWB_Module1-Pad9)"))
    (pad 8 smd rect (at -6.3 9.0012 90) (size 1 2.45) (layers F.Cu F.Paste F.Mask)
      (net 14 GND))
    (pad 7 smd rect (at -6.3 7.6012 90) (size 1 2.45) (layers F.Cu F.Paste F.Mask)
      (net 30 +3V3))
    (pad 6 smd rect (at -6.3 6.2012 90) (size 1 2.45) (layers F.Cu F.Paste F.Mask)
      (net 30 +3V3))
    (pad 5 smd rect (at -6.3 4.8012 90) (size 1 2.45) (layers F.Cu F.Paste F.Mask)
      (net 30 +3V3))
    (pad 4 smd rect (at -6.3 3.4012 90) (size 1 2.45) (layers F.Cu F.Paste F.Mask)
      (net 53 "Net-(UWB_Module1-Pad4)"))
    (pad 3 smd rect (at -6.3 2.0012 90) (size 1 2.45) (layers F.Cu F.Paste F.Mask)
      (net 25 RSTn_DWM1000))
    (pad 2 smd rect (at -6.3 0.6012 90) (size 1 2.45) (layers F.Cu F.Paste F.Mask)
      (net 52 "Net-(UWB_Module1-Pad2)"))
    (pad 1 smd rect (at -6.3 -0.7988 90) (size 1 2.45) (layers F.Cu F.Paste F.Mask)
      (net 51 "Net-(UWB_Module1-Pad1)"))
    (model ${KISYS3DMOD}/RF_Module.3dshapes/DWM1000.wrl
      (at (xyz 0 0 0))
      (scale (xyz 1 1 1))
      (rotate (xyz 0 0 0))
    )
  )

  (module Jumper:SolderJumper-3_P1.3mm_Open_Pad1.0x1.5mm_NumberLabels (layer F.Cu) (tedit 5A3F6CCC) (tstamp 61F10E49)
    (at 153.67 125.73)
    (descr "SMD Solder Jumper, 1x1.5mm Pads, 0.3mm gap, open, labeled with numbers")
    (tags "solder jumper open")
    (path /6231233C)
    (attr virtual)
    (fp_text reference JP2 (at 0 -1.8) (layer F.SilkS)
      (effects (font (size 1 1) (thickness 0.15)))
    )
    (fp_text value VUSB_SolderJumper (at 0 1.9) (layer F.SilkS)
      (effects (font (size 1 1) (thickness 0.15)))
    )
    (fp_line (start -2.05 1) (end -2.05 -1) (layer F.SilkS) (width 0.12))
    (fp_line (start 2.05 1) (end -2.05 1) (layer F.SilkS) (width 0.12))
    (fp_line (start 2.05 -1) (end 2.05 1) (layer F.SilkS) (width 0.12))
    (fp_line (start -2.05 -1) (end 2.05 -1) (layer F.SilkS) (width 0.12))
    (fp_line (start -2.3 -1.25) (end 2.3 -1.25) (layer F.CrtYd) (width 0.05))
    (fp_line (start -2.3 -1.25) (end -2.3 1.25) (layer F.CrtYd) (width 0.05))
    (fp_line (start 2.3 1.25) (end 2.3 -1.25) (layer F.CrtYd) (width 0.05))
    (fp_line (start 2.3 1.25) (end -2.3 1.25) (layer F.CrtYd) (width 0.05))
    (fp_text user 1 (at -2.6 0) (layer F.SilkS)
      (effects (font (size 1 1) (thickness 0.15)))
    )
    (fp_text user 3 (at 2.6 0) (layer F.SilkS)
      (effects (font (size 1 1) (thickness 0.15)))
    )
    (pad 1 smd rect (at -1.3 0) (size 1 1.5) (layers F.Cu F.Mask)
      (net 12 "Net-(Arduino_Nano_33_IoT1-Pad12)"))
    (pad 2 smd rect (at 0 0) (size 1 1.5) (layers F.Cu F.Mask)
      (net 29 VUSB))
    (pad 3 smd rect (at 1.3 0) (size 1 1.5) (layers F.Cu F.Mask)
      (net 15 "Net-(Arduino_Nano_33_IoT1-Pad15)"))
  )

  (module Jumper:SolderJumper-3_P1.3mm_Open_Pad1.0x1.5mm_NumberLabels (layer F.Cu) (tedit 5A3F6CCC) (tstamp 61EF8C8D)
    (at 125.73 125.73)
    (descr "SMD Solder Jumper, 1x1.5mm Pads, 0.3mm gap, open, labeled with numbers")
    (tags "solder jumper open")
    (path /620F6E34)
    (attr virtual)
    (fp_text reference JP1 (at 0 -1.8) (layer F.SilkS)
      (effects (font (size 1 1) (thickness 0.15)))
    )
    (fp_text value 3V3_SolderJumper (at 0 1.9) (layer F.SilkS)
      (effects (font (size 1 1) (thickness 0.15)))
    )
    (fp_line (start -2.05 1) (end -2.05 -1) (layer F.SilkS) (width 0.12))
    (fp_line (start 2.05 1) (end -2.05 1) (layer F.SilkS) (width 0.12))
    (fp_line (start 2.05 -1) (end 2.05 1) (layer F.SilkS) (width 0.12))
    (fp_line (start -2.05 -1) (end 2.05 -1) (layer F.SilkS) (width 0.12))
    (fp_line (start -2.3 -1.25) (end 2.3 -1.25) (layer F.CrtYd) (width 0.05))
    (fp_line (start -2.3 -1.25) (end -2.3 1.25) (layer F.CrtYd) (width 0.05))
    (fp_line (start 2.3 1.25) (end 2.3 -1.25) (layer F.CrtYd) (width 0.05))
    (fp_line (start 2.3 1.25) (end -2.3 1.25) (layer F.CrtYd) (width 0.05))
    (fp_text user 1 (at -2.6 0) (layer F.SilkS)
      (effects (font (size 1 1) (thickness 0.15)))
    )
    (fp_text user 3 (at 2.6 0) (layer F.SilkS)
      (effects (font (size 1 1) (thickness 0.15)))
    )
    (pad 1 smd rect (at -1.3 0) (size 1 1.5) (layers F.Cu F.Mask)
      (net 2 "Net-(Arduino_Nano_33_IoT1-Pad2)"))
    (pad 2 smd rect (at 0 0) (size 1 1.5) (layers F.Cu F.Mask)
      (net 30 +3V3))
    (pad 3 smd rect (at 1.3 0) (size 1 1.5) (layers F.Cu F.Mask)
      (net 15 "Net-(Arduino_Nano_33_IoT1-Pad15)"))
  )

  (module MODULE_ABX00027:MODULE_ABX00027 (layer F.Cu) (tedit 0) (tstamp 61F0D3E6)
    (at 139.7 111.76)
    (path /61E21586)
    (attr smd)
    (fp_text reference Arduino_Nano_33 (at 0 11.43) (layer F.SilkS)
      (effects (font (size 1 1) (thickness 0.15)))
    )
    (fp_text value ABX00027 (at -18.825 11.205) (layer F.SilkS) hide
      (effects (font (size 1 1) (thickness 0.05)))
    )
    (fp_line (start 22 8.89) (end 22 -8.89) (layer F.SilkS) (width 0.127))
    (fp_line (start -22 -8.89) (end -22 8.89) (layer F.SilkS) (width 0.127))
    (fp_line (start -22 8.89) (end 22 8.89) (layer Eco2.User) (width 0.127))
    (fp_line (start 22 8.89) (end 22 -8.89) (layer Eco2.User) (width 0.127))
    (fp_line (start 22 -8.89) (end -22 -8.89) (layer Eco2.User) (width 0.127))
    (fp_line (start -22 -8.89) (end -22 8.89) (layer Eco2.User) (width 0.127))
    (fp_line (start -22.25 10.35) (end 22.25 10.35) (layer Eco1.User) (width 0.05))
    (fp_line (start 22.25 10.35) (end 22.25 -10.35) (layer Eco1.User) (width 0.05))
    (fp_line (start 22.25 -10.35) (end -22.25 -10.35) (layer Eco1.User) (width 0.05))
    (fp_line (start -22.25 -10.35) (end -22.25 10.35) (layer Eco1.User) (width 0.05))
    (fp_circle (center -19.83 9.4) (end -19.73 9.4) (layer F.SilkS) (width 0.2))
    (fp_circle (center -19.83 9.4) (end -19.73 9.4) (layer Eco2.User) (width 0.2))
    (fp_line (start -22 -8.89) (end -22 8.89) (layer Eco2.User) (width 0.127))
    (pad Hole np_thru_hole circle (at -20.73 7.62) (size 1.651 1.651) (drill 1.651) (layers *.Cu *.Mask))
    (pad Hole np_thru_hole circle (at -20.73 -7.62) (size 1.651 1.651) (drill 1.651) (layers *.Cu *.Mask))
    (pad Hole np_thru_hole circle (at 19.91 -7.62) (size 1.651 1.651) (drill 1.651) (layers *.Cu *.Mask))
    (pad Hole np_thru_hole circle (at 19.91 7.62) (size 1.651 1.651) (drill 1.651) (layers *.Cu *.Mask))
    (pad 1 smd rect (at -18.19 9.1) (size 1.56 2) (layers F.Cu F.Paste)
      (net 1 SCK))
    (pad 2 smd rect (at -15.65 9.1) (size 1.56 2) (layers F.Cu F.Paste)
      (net 2 "Net-(Arduino_Nano_33_IoT1-Pad2)"))
    (pad 3 smd rect (at -13.11 9.1) (size 1.56 2) (layers F.Cu F.Paste)
      (net 3 "Net-(Arduino_Nano_33_IoT1-Pad3)"))
    (pad 4 smd rect (at -10.57 9.1) (size 1.56 2) (layers F.Cu F.Paste)
      (net 4 "Net-(Arduino_Nano_33_IoT1-Pad4)"))
    (pad 5 smd rect (at -8.03 9.1) (size 1.56 2) (layers F.Cu F.Paste)
      (net 5 "Net-(Arduino_Nano_33_IoT1-Pad5)"))
    (pad 6 smd rect (at -5.49 9.1) (size 1.56 2) (layers F.Cu F.Paste)
      (net 6 "Net-(Arduino_Nano_33_IoT1-Pad6)"))
    (pad 7 smd rect (at -2.95 9.1) (size 1.56 2) (layers F.Cu F.Paste)
      (net 7 "Net-(Arduino_Nano_33_IoT1-Pad7)"))
    (pad 8 smd rect (at -0.41 9.1) (size 1.56 2) (layers F.Cu F.Paste)
      (net 8 "Net-(Arduino_Nano_33_IoT1-Pad8)"))
    (pad 9 smd rect (at 2.13 9.1) (size 1.56 2) (layers F.Cu F.Paste)
      (net 9 "Net-(Arduino_Nano_33_IoT1-Pad9)"))
    (pad 10 smd rect (at 4.67 9.1) (size 1.56 2) (layers F.Cu F.Paste)
      (net 10 "Net-(Arduino_Nano_33_IoT1-Pad10)"))
    (pad 11 smd rect (at 7.21 9.1) (size 1.56 2) (layers F.Cu F.Paste)
      (net 11 "Net-(Arduino_Nano_33_IoT1-Pad11)"))
    (pad 12 smd rect (at 9.75 9.1) (size 1.56 2) (layers F.Cu F.Paste)
      (net 12 "Net-(Arduino_Nano_33_IoT1-Pad12)"))
    (pad 13 smd rect (at 12.29 9.1) (size 1.56 2) (layers F.Cu F.Paste)
      (net 13 "Net-(Arduino_Nano_33_IoT1-Pad13)"))
    (pad 14 smd rect (at 14.83 9.1) (size 1.56 2) (layers F.Cu F.Paste)
      (net 14 GND))
    (pad 15 smd rect (at 17.37 9.1) (size 1.56 2) (layers F.Cu F.Paste)
      (net 15 "Net-(Arduino_Nano_33_IoT1-Pad15)"))
    (pad 16 smd rect (at 17.37 -9.1 180) (size 1.56 2) (layers F.Cu F.Paste)
      (net 16 "Net-(Arduino_Nano_33_IoT1-Pad16)"))
    (pad 17 smd rect (at 14.83 -9.1 180) (size 1.56 2) (layers F.Cu F.Paste)
      (net 17 "Net-(Arduino_Nano_33_IoT1-Pad17)"))
    (pad 18 smd rect (at 12.29 -9.1 180) (size 1.56 2) (layers F.Cu F.Paste)
      (net 13 "Net-(Arduino_Nano_33_IoT1-Pad13)"))
    (pad 19 smd rect (at 9.75 -9.1 180) (size 1.56 2) (layers F.Cu F.Paste)
      (net 14 GND))
    (pad 20 smd rect (at 7.21 -9.1 180) (size 1.56 2) (layers F.Cu F.Paste)
      (net 18 LED_DATA_L))
    (pad 21 smd rect (at 4.67 -9.1 180) (size 1.56 2) (layers F.Cu F.Paste)
      (net 19 "Net-(Arduino_Nano_33_IoT1-Pad21)"))
    (pad 22 smd rect (at 2.13 -9.1 180) (size 1.56 2) (layers F.Cu F.Paste)
      (net 20 "Net-(Arduino_Nano_33_IoT1-Pad22)"))
    (pad 23 smd rect (at -0.41 -9.1 180) (size 1.56 2) (layers F.Cu F.Paste)
      (net 21 "Net-(Arduino_Nano_33_IoT1-Pad23)"))
    (pad 24 smd rect (at -2.95 -9.1 180) (size 1.56 2) (layers F.Cu F.Paste)
      (net 22 "Net-(Arduino_Nano_33_IoT1-Pad24)"))
    (pad 25 smd rect (at -5.49 -9.1 180) (size 1.56 2) (layers F.Cu F.Paste)
      (net 23 "Net-(Arduino_Nano_33_IoT1-Pad25)"))
    (pad 26 smd rect (at -8.03 -9.1 180) (size 1.56 2) (layers F.Cu F.Paste)
      (net 24 IRQ_DWM1000))
    (pad 27 smd rect (at -10.57 -9.1 180) (size 1.56 2) (layers F.Cu F.Paste)
      (net 25 RSTn_DWM1000))
    (pad 28 smd rect (at -13.11 -9.1 180) (size 1.56 2) (layers F.Cu F.Paste)
      (net 26 CS_DWM1000))
    (pad 29 smd rect (at -15.65 -9.1 180) (size 1.56 2) (layers F.Cu F.Paste)
      (net 27 MOSI))
    (pad 30 smd rect (at -18.19 -9.1 180) (size 1.56 2) (layers F.Cu F.Paste)
      (net 28 MISO))
  )

  (module Capacitor_SMD:C_0805_2012Metric_Pad1.18x1.45mm_HandSolder (layer F.Cu) (tedit 5F68FEEF) (tstamp 61EFC041)
    (at 149.276304 71.12)
    (descr "Capacitor SMD 0805 (2012 Metric), square (rectangular) end terminal, IPC_7351 nominal with elongated pad for handsoldering. (Body size source: IPC-SM-782 page 76, https://www.pcb-3d.com/wordpress/wp-content/uploads/ipc-sm-782a_amendment_1_and_2.pdf, https://docs.google.com/spreadsheets/d/1BsfQQcO9C6DZCsRaXUlFlo91Tg2WpOkGARC1WS5S8t0/edit?usp=sharing), generated with kicad-footprint-generator")
    (tags "capacitor handsolder")
    (path /61FB6066)
    (attr smd)
    (fp_text reference C1 (at 0 -1.68) (layer F.SilkS)
      (effects (font (size 1 1) (thickness 0.15)))
    )
    (fp_text value 100nF (at 0 1.68) (layer F.Fab)
      (effects (font (size 1 1) (thickness 0.15)))
    )
    (fp_line (start 1.88 0.98) (end -1.88 0.98) (layer F.CrtYd) (width 0.05))
    (fp_line (start 1.88 -0.98) (end 1.88 0.98) (layer F.CrtYd) (width 0.05))
    (fp_line (start -1.88 -0.98) (end 1.88 -0.98) (layer F.CrtYd) (width 0.05))
    (fp_line (start -1.88 0.98) (end -1.88 -0.98) (layer F.CrtYd) (width 0.05))
    (fp_line (start -0.261252 0.735) (end 0.261252 0.735) (layer F.SilkS) (width 0.12))
    (fp_line (start -0.261252 -0.735) (end 0.261252 -0.735) (layer F.SilkS) (width 0.12))
    (fp_line (start 1 0.625) (end -1 0.625) (layer F.Fab) (width 0.1))
    (fp_line (start 1 -0.625) (end 1 0.625) (layer F.Fab) (width 0.1))
    (fp_line (start -1 -0.625) (end 1 -0.625) (layer F.Fab) (width 0.1))
    (fp_line (start -1 0.625) (end -1 -0.625) (layer F.Fab) (width 0.1))
    (fp_text user %R (at 0 0) (layer F.Fab)
      (effects (font (size 0.5 0.5) (thickness 0.08)))
    )
    (pad 1 smd roundrect (at -1.0375 0) (size 1.175 1.45) (layers F.Cu F.Paste F.Mask) (roundrect_rratio 0.2127659574468085)
      (net 14 GND))
    (pad 2 smd roundrect (at 1.0375 0) (size 1.175 1.45) (layers F.Cu F.Paste F.Mask) (roundrect_rratio 0.2127659574468085)
      (net 29 VUSB))
    (model ${KISYS3DMOD}/Capacitor_SMD.3dshapes/C_0805_2012Metric.wrl
      (at (xyz 0 0 0))
      (scale (xyz 1 1 1))
      (rotate (xyz 0 0 0))
    )
  )

  (module Capacitor_SMD:C_0805_2012Metric_Pad1.18x1.45mm_HandSolder (layer F.Cu) (tedit 5F68FEEF) (tstamp 61EF8A53)
    (at 162.7925 70.35705)
    (descr "Capacitor SMD 0805 (2012 Metric), square (rectangular) end terminal, IPC_7351 nominal with elongated pad for handsoldering. (Body size source: IPC-SM-782 page 76, https://www.pcb-3d.com/wordpress/wp-content/uploads/ipc-sm-782a_amendment_1_and_2.pdf, https://docs.google.com/spreadsheets/d/1BsfQQcO9C6DZCsRaXUlFlo91Tg2WpOkGARC1WS5S8t0/edit?usp=sharing), generated with kicad-footprint-generator")
    (tags "capacitor handsolder")
    (path /61FBDDF0)
    (attr smd)
    (fp_text reference C2 (at 0 -1.68) (layer F.SilkS)
      (effects (font (size 1 1) (thickness 0.15)))
    )
    (fp_text value 100nF (at 0 1.68) (layer F.Fab)
      (effects (font (size 1 1) (thickness 0.15)))
    )
    (fp_line (start 1.88 0.98) (end -1.88 0.98) (layer F.CrtYd) (width 0.05))
    (fp_line (start 1.88 -0.98) (end 1.88 0.98) (layer F.CrtYd) (width 0.05))
    (fp_line (start -1.88 -0.98) (end 1.88 -0.98) (layer F.CrtYd) (width 0.05))
    (fp_line (start -1.88 0.98) (end -1.88 -0.98) (layer F.CrtYd) (width 0.05))
    (fp_line (start -0.261252 0.735) (end 0.261252 0.735) (layer F.SilkS) (width 0.12))
    (fp_line (start -0.261252 -0.735) (end 0.261252 -0.735) (layer F.SilkS) (width 0.12))
    (fp_line (start 1 0.625) (end -1 0.625) (layer F.Fab) (width 0.1))
    (fp_line (start 1 -0.625) (end 1 0.625) (layer F.Fab) (width 0.1))
    (fp_line (start -1 -0.625) (end 1 -0.625) (layer F.Fab) (width 0.1))
    (fp_line (start -1 0.625) (end -1 -0.625) (layer F.Fab) (width 0.1))
    (fp_text user %R (at 0 0) (layer F.Fab)
      (effects (font (size 0.5 0.5) (thickness 0.08)))
    )
    (pad 1 smd roundrect (at -1.0375 0) (size 1.175 1.45) (layers F.Cu F.Paste F.Mask) (roundrect_rratio 0.2127659574468085)
      (net 14 GND))
    (pad 2 smd roundrect (at 1.0375 0) (size 1.175 1.45) (layers F.Cu F.Paste F.Mask) (roundrect_rratio 0.2127659574468085)
      (net 29 VUSB))
    (model ${KISYS3DMOD}/Capacitor_SMD.3dshapes/C_0805_2012Metric.wrl
      (at (xyz 0 0 0))
      (scale (xyz 1 1 1))
      (rotate (xyz 0 0 0))
    )
  )

  (module Capacitor_SMD:C_0805_2012Metric_Pad1.18x1.45mm_HandSolder (layer F.Cu) (tedit 5F68FEEF) (tstamp 61EF8A64)
    (at 175.349255 86.613696)
    (descr "Capacitor SMD 0805 (2012 Metric), square (rectangular) end terminal, IPC_7351 nominal with elongated pad for handsoldering. (Body size source: IPC-SM-782 page 76, https://www.pcb-3d.com/wordpress/wp-content/uploads/ipc-sm-782a_amendment_1_and_2.pdf, https://docs.google.com/spreadsheets/d/1BsfQQcO9C6DZCsRaXUlFlo91Tg2WpOkGARC1WS5S8t0/edit?usp=sharing), generated with kicad-footprint-generator")
    (tags "capacitor handsolder")
    (path /61FC5B51)
    (attr smd)
    (fp_text reference C3 (at 0 -1.68) (layer F.SilkS)
      (effects (font (size 1 1) (thickness 0.15)))
    )
    (fp_text value 100nF (at 0 1.68) (layer F.Fab)
      (effects (font (size 1 1) (thickness 0.15)))
    )
    (fp_line (start -1 0.625) (end -1 -0.625) (layer F.Fab) (width 0.1))
    (fp_line (start -1 -0.625) (end 1 -0.625) (layer F.Fab) (width 0.1))
    (fp_line (start 1 -0.625) (end 1 0.625) (layer F.Fab) (width 0.1))
    (fp_line (start 1 0.625) (end -1 0.625) (layer F.Fab) (width 0.1))
    (fp_line (start -0.261252 -0.735) (end 0.261252 -0.735) (layer F.SilkS) (width 0.12))
    (fp_line (start -0.261252 0.735) (end 0.261252 0.735) (layer F.SilkS) (width 0.12))
    (fp_line (start -1.88 0.98) (end -1.88 -0.98) (layer F.CrtYd) (width 0.05))
    (fp_line (start -1.88 -0.98) (end 1.88 -0.98) (layer F.CrtYd) (width 0.05))
    (fp_line (start 1.88 -0.98) (end 1.88 0.98) (layer F.CrtYd) (width 0.05))
    (fp_line (start 1.88 0.98) (end -1.88 0.98) (layer F.CrtYd) (width 0.05))
    (fp_text user %R (at 0 0) (layer F.Fab)
      (effects (font (size 0.5 0.5) (thickness 0.08)))
    )
    (pad 2 smd roundrect (at 1.0375 0) (size 1.175 1.45) (layers F.Cu F.Paste F.Mask) (roundrect_rratio 0.2127659574468085)
      (net 29 VUSB))
    (pad 1 smd roundrect (at -1.0375 0) (size 1.175 1.45) (layers F.Cu F.Paste F.Mask) (roundrect_rratio 0.2127659574468085)
      (net 14 GND))
    (model ${KISYS3DMOD}/Capacitor_SMD.3dshapes/C_0805_2012Metric.wrl
      (at (xyz 0 0 0))
      (scale (xyz 1 1 1))
      (rotate (xyz 0 0 0))
    )
  )

  (module Capacitor_SMD:C_0805_2012Metric_Pad1.18x1.45mm_HandSolder (layer F.Cu) (tedit 5F68FEEF) (tstamp 61EF8A75)
    (at 175.439255 106.096304)
    (descr "Capacitor SMD 0805 (2012 Metric), square (rectangular) end terminal, IPC_7351 nominal with elongated pad for handsoldering. (Body size source: IPC-SM-782 page 76, https://www.pcb-3d.com/wordpress/wp-content/uploads/ipc-sm-782a_amendment_1_and_2.pdf, https://docs.google.com/spreadsheets/d/1BsfQQcO9C6DZCsRaXUlFlo91Tg2WpOkGARC1WS5S8t0/edit?usp=sharing), generated with kicad-footprint-generator")
    (tags "capacitor handsolder")
    (path /61FCD92C)
    (attr smd)
    (fp_text reference C4 (at 0 -1.68) (layer F.SilkS)
      (effects (font (size 1 1) (thickness 0.15)))
    )
    (fp_text value 100nF (at 0 1.68) (layer F.Fab)
      (effects (font (size 1 1) (thickness 0.15)))
    )
    (fp_line (start 1.88 0.98) (end -1.88 0.98) (layer F.CrtYd) (width 0.05))
    (fp_line (start 1.88 -0.98) (end 1.88 0.98) (layer F.CrtYd) (width 0.05))
    (fp_line (start -1.88 -0.98) (end 1.88 -0.98) (layer F.CrtYd) (width 0.05))
    (fp_line (start -1.88 0.98) (end -1.88 -0.98) (layer F.CrtYd) (width 0.05))
    (fp_line (start -0.261252 0.735) (end 0.261252 0.735) (layer F.SilkS) (width 0.12))
    (fp_line (start -0.261252 -0.735) (end 0.261252 -0.735) (layer F.SilkS) (width 0.12))
    (fp_line (start 1 0.625) (end -1 0.625) (layer F.Fab) (width 0.1))
    (fp_line (start 1 -0.625) (end 1 0.625) (layer F.Fab) (width 0.1))
    (fp_line (start -1 -0.625) (end 1 -0.625) (layer F.Fab) (width 0.1))
    (fp_line (start -1 0.625) (end -1 -0.625) (layer F.Fab) (width 0.1))
    (fp_text user %R (at 0 0) (layer F.Fab)
      (effects (font (size 0.5 0.5) (thickness 0.08)))
    )
    (pad 1 smd roundrect (at -1.0375 0) (size 1.175 1.45) (layers F.Cu F.Paste F.Mask) (roundrect_rratio 0.2127659574468085)
      (net 14 GND))
    (pad 2 smd roundrect (at 1.0375 0) (size 1.175 1.45) (layers F.Cu F.Paste F.Mask) (roundrect_rratio 0.2127659574468085)
      (net 29 VUSB))
    (model ${KISYS3DMOD}/Capacitor_SMD.3dshapes/C_0805_2012Metric.wrl
      (at (xyz 0 0 0))
      (scale (xyz 1 1 1))
      (rotate (xyz 0 0 0))
    )
  )

  (module Capacitor_SMD:C_0805_2012Metric_Pad1.18x1.45mm_HandSolder (layer F.Cu) (tedit 5F68FEEF) (tstamp 61EF8A86)
    (at 165.77295 122.35295)
    (descr "Capacitor SMD 0805 (2012 Metric), square (rectangular) end terminal, IPC_7351 nominal with elongated pad for handsoldering. (Body size source: IPC-SM-782 page 76, https://www.pcb-3d.com/wordpress/wp-content/uploads/ipc-sm-782a_amendment_1_and_2.pdf, https://docs.google.com/spreadsheets/d/1BsfQQcO9C6DZCsRaXUlFlo91Tg2WpOkGARC1WS5S8t0/edit?usp=sharing), generated with kicad-footprint-generator")
    (tags "capacitor handsolder")
    (path /61F956E3)
    (attr smd)
    (fp_text reference C5 (at 0 -1.68) (layer F.SilkS)
      (effects (font (size 1 1) (thickness 0.15)))
    )
    (fp_text value 100nF (at 0 1.68) (layer F.Fab)
      (effects (font (size 1 1) (thickness 0.15)))
    )
    (fp_line (start -1 0.625) (end -1 -0.625) (layer F.Fab) (width 0.1))
    (fp_line (start -1 -0.625) (end 1 -0.625) (layer F.Fab) (width 0.1))
    (fp_line (start 1 -0.625) (end 1 0.625) (layer F.Fab) (width 0.1))
    (fp_line (start 1 0.625) (end -1 0.625) (layer F.Fab) (width 0.1))
    (fp_line (start -0.261252 -0.735) (end 0.261252 -0.735) (layer F.SilkS) (width 0.12))
    (fp_line (start -0.261252 0.735) (end 0.261252 0.735) (layer F.SilkS) (width 0.12))
    (fp_line (start -1.88 0.98) (end -1.88 -0.98) (layer F.CrtYd) (width 0.05))
    (fp_line (start -1.88 -0.98) (end 1.88 -0.98) (layer F.CrtYd) (width 0.05))
    (fp_line (start 1.88 -0.98) (end 1.88 0.98) (layer F.CrtYd) (width 0.05))
    (fp_line (start 1.88 0.98) (end -1.88 0.98) (layer F.CrtYd) (width 0.05))
    (fp_text user %R (at 0 0) (layer F.Fab)
      (effects (font (size 0.5 0.5) (thickness 0.08)))
    )
    (pad 2 smd roundrect (at 1.0375 0) (size 1.175 1.45) (layers F.Cu F.Paste F.Mask) (roundrect_rratio 0.2127659574468085)
      (net 29 VUSB))
    (pad 1 smd roundrect (at -1.0375 0) (size 1.175 1.45) (layers F.Cu F.Paste F.Mask) (roundrect_rratio 0.2127659574468085)
      (net 14 GND))
    (model ${KISYS3DMOD}/Capacitor_SMD.3dshapes/C_0805_2012Metric.wrl
      (at (xyz 0 0 0))
      (scale (xyz 1 1 1))
      (rotate (xyz 0 0 0))
    )
  )

  (module Capacitor_SMD:C_0805_2012Metric_Pad1.18x1.45mm_HandSolder (layer F.Cu) (tedit 5F68FEEF) (tstamp 61EF8A97)
    (at 149.186304 131.929255)
    (descr "Capacitor SMD 0805 (2012 Metric), square (rectangular) end terminal, IPC_7351 nominal with elongated pad for handsoldering. (Body size source: IPC-SM-782 page 76, https://www.pcb-3d.com/wordpress/wp-content/uploads/ipc-sm-782a_amendment_1_and_2.pdf, https://docs.google.com/spreadsheets/d/1BsfQQcO9C6DZCsRaXUlFlo91Tg2WpOkGARC1WS5S8t0/edit?usp=sharing), generated with kicad-footprint-generator")
    (tags "capacitor handsolder")
    (path /61F9D457)
    (attr smd)
    (fp_text reference C6 (at 0 -1.68) (layer F.SilkS)
      (effects (font (size 1 1) (thickness 0.15)))
    )
    (fp_text value 100nF (at 0 1.68) (layer F.Fab)
      (effects (font (size 1 1) (thickness 0.15)))
    )
    (fp_line (start 1.88 0.98) (end -1.88 0.98) (layer F.CrtYd) (width 0.05))
    (fp_line (start 1.88 -0.98) (end 1.88 0.98) (layer F.CrtYd) (width 0.05))
    (fp_line (start -1.88 -0.98) (end 1.88 -0.98) (layer F.CrtYd) (width 0.05))
    (fp_line (start -1.88 0.98) (end -1.88 -0.98) (layer F.CrtYd) (width 0.05))
    (fp_line (start -0.261252 0.735) (end 0.261252 0.735) (layer F.SilkS) (width 0.12))
    (fp_line (start -0.261252 -0.735) (end 0.261252 -0.735) (layer F.SilkS) (width 0.12))
    (fp_line (start 1 0.625) (end -1 0.625) (layer F.Fab) (width 0.1))
    (fp_line (start 1 -0.625) (end 1 0.625) (layer F.Fab) (width 0.1))
    (fp_line (start -1 -0.625) (end 1 -0.625) (layer F.Fab) (width 0.1))
    (fp_line (start -1 0.625) (end -1 -0.625) (layer F.Fab) (width 0.1))
    (fp_text user %R (at 0 0) (layer F.Fab)
      (effects (font (size 0.5 0.5) (thickness 0.08)))
    )
    (pad 1 smd roundrect (at -1.0375 0) (size 1.175 1.45) (layers F.Cu F.Paste F.Mask) (roundrect_rratio 0.2127659574468085)
      (net 14 GND))
    (pad 2 smd roundrect (at 1.0375 0) (size 1.175 1.45) (layers F.Cu F.Paste F.Mask) (roundrect_rratio 0.2127659574468085)
      (net 29 VUSB))
    (model ${KISYS3DMOD}/Capacitor_SMD.3dshapes/C_0805_2012Metric.wrl
      (at (xyz 0 0 0))
      (scale (xyz 1 1 1))
      (rotate (xyz 0 0 0))
    )
  )

  (module Capacitor_SMD:C_0805_2012Metric_Pad1.18x1.45mm_HandSolder (layer F.Cu) (tedit 5F68FEEF) (tstamp 61EF8AA8)
    (at 129.838375 131.966328)
    (descr "Capacitor SMD 0805 (2012 Metric), square (rectangular) end terminal, IPC_7351 nominal with elongated pad for handsoldering. (Body size source: IPC-SM-782 page 76, https://www.pcb-3d.com/wordpress/wp-content/uploads/ipc-sm-782a_amendment_1_and_2.pdf, https://docs.google.com/spreadsheets/d/1BsfQQcO9C6DZCsRaXUlFlo91Tg2WpOkGARC1WS5S8t0/edit?usp=sharing), generated with kicad-footprint-generator")
    (tags "capacitor handsolder")
    (path /61FA5425)
    (attr smd)
    (fp_text reference C7 (at 0 -1.68) (layer F.SilkS)
      (effects (font (size 1 1) (thickness 0.15)))
    )
    (fp_text value 100nF (at 0 1.68) (layer F.Fab)
      (effects (font (size 1 1) (thickness 0.15)))
    )
    (fp_line (start 1.88 0.98) (end -1.88 0.98) (layer F.CrtYd) (width 0.05))
    (fp_line (start 1.88 -0.98) (end 1.88 0.98) (layer F.CrtYd) (width 0.05))
    (fp_line (start -1.88 -0.98) (end 1.88 -0.98) (layer F.CrtYd) (width 0.05))
    (fp_line (start -1.88 0.98) (end -1.88 -0.98) (layer F.CrtYd) (width 0.05))
    (fp_line (start -0.261252 0.735) (end 0.261252 0.735) (layer F.SilkS) (width 0.12))
    (fp_line (start -0.261252 -0.735) (end 0.261252 -0.735) (layer F.SilkS) (width 0.12))
    (fp_line (start 1 0.625) (end -1 0.625) (layer F.Fab) (width 0.1))
    (fp_line (start 1 -0.625) (end 1 0.625) (layer F.Fab) (width 0.1))
    (fp_line (start -1 -0.625) (end 1 -0.625) (layer F.Fab) (width 0.1))
    (fp_line (start -1 0.625) (end -1 -0.625) (layer F.Fab) (width 0.1))
    (fp_text user %R (at 0 0) (layer F.Fab)
      (effects (font (size 0.5 0.5) (thickness 0.08)))
    )
    (pad 1 smd roundrect (at -1.0375 0) (size 1.175 1.45) (layers F.Cu F.Paste F.Mask) (roundrect_rratio 0.2127659574468085)
      (net 14 GND))
    (pad 2 smd roundrect (at 1.0375 0) (size 1.175 1.45) (layers F.Cu F.Paste F.Mask) (roundrect_rratio 0.2127659574468085)
      (net 29 VUSB))
    (model ${KISYS3DMOD}/Capacitor_SMD.3dshapes/C_0805_2012Metric.wrl
      (at (xyz 0 0 0))
      (scale (xyz 1 1 1))
      (rotate (xyz 0 0 0))
    )
  )

  (module Capacitor_SMD:C_0805_2012Metric_Pad1.18x1.45mm_HandSolder (layer F.Cu) (tedit 5F68FEEF) (tstamp 61EF8AB9)
    (at 113.53705 122.68295)
    (descr "Capacitor SMD 0805 (2012 Metric), square (rectangular) end terminal, IPC_7351 nominal with elongated pad for handsoldering. (Body size source: IPC-SM-782 page 76, https://www.pcb-3d.com/wordpress/wp-content/uploads/ipc-sm-782a_amendment_1_and_2.pdf, https://docs.google.com/spreadsheets/d/1BsfQQcO9C6DZCsRaXUlFlo91Tg2WpOkGARC1WS5S8t0/edit?usp=sharing), generated with kicad-footprint-generator")
    (tags "capacitor handsolder")
    (path /61FAD2FD)
    (attr smd)
    (fp_text reference C8 (at 0 -1.68) (layer F.SilkS)
      (effects (font (size 1 1) (thickness 0.15)))
    )
    (fp_text value 100nF (at 0 1.68) (layer F.Fab)
      (effects (font (size 1 1) (thickness 0.15)))
    )
    (fp_line (start -1 0.625) (end -1 -0.625) (layer F.Fab) (width 0.1))
    (fp_line (start -1 -0.625) (end 1 -0.625) (layer F.Fab) (width 0.1))
    (fp_line (start 1 -0.625) (end 1 0.625) (layer F.Fab) (width 0.1))
    (fp_line (start 1 0.625) (end -1 0.625) (layer F.Fab) (width 0.1))
    (fp_line (start -0.261252 -0.735) (end 0.261252 -0.735) (layer F.SilkS) (width 0.12))
    (fp_line (start -0.261252 0.735) (end 0.261252 0.735) (layer F.SilkS) (width 0.12))
    (fp_line (start -1.88 0.98) (end -1.88 -0.98) (layer F.CrtYd) (width 0.05))
    (fp_line (start -1.88 -0.98) (end 1.88 -0.98) (layer F.CrtYd) (width 0.05))
    (fp_line (start 1.88 -0.98) (end 1.88 0.98) (layer F.CrtYd) (width 0.05))
    (fp_line (start 1.88 0.98) (end -1.88 0.98) (layer F.CrtYd) (width 0.05))
    (fp_text user %R (at 0 0) (layer F.Fab)
      (effects (font (size 0.5 0.5) (thickness 0.08)))
    )
    (pad 2 smd roundrect (at 1.0375 0) (size 1.175 1.45) (layers F.Cu F.Paste F.Mask) (roundrect_rratio 0.2127659574468085)
      (net 29 VUSB))
    (pad 1 smd roundrect (at -1.0375 0) (size 1.175 1.45) (layers F.Cu F.Paste F.Mask) (roundrect_rratio 0.2127659574468085)
      (net 14 GND))
    (model ${KISYS3DMOD}/Capacitor_SMD.3dshapes/C_0805_2012Metric.wrl
      (at (xyz 0 0 0))
      (scale (xyz 1 1 1))
      (rotate (xyz 0 0 0))
    )
  )

  (module Capacitor_SMD:C_0805_2012Metric_Pad1.18x1.45mm_HandSolder (layer F.Cu) (tedit 5F68FEEF) (tstamp 61EF8ACA)
    (at 104.103245 105.766304)
    (descr "Capacitor SMD 0805 (2012 Metric), square (rectangular) end terminal, IPC_7351 nominal with elongated pad for handsoldering. (Body size source: IPC-SM-782 page 76, https://www.pcb-3d.com/wordpress/wp-content/uploads/ipc-sm-782a_amendment_1_and_2.pdf, https://docs.google.com/spreadsheets/d/1BsfQQcO9C6DZCsRaXUlFlo91Tg2WpOkGARC1WS5S8t0/edit?usp=sharing), generated with kicad-footprint-generator")
    (tags "capacitor handsolder")
    (path /61F03F1E)
    (attr smd)
    (fp_text reference C9 (at 0 -1.68) (layer F.SilkS)
      (effects (font (size 1 1) (thickness 0.15)))
    )
    (fp_text value 100nF (at 0 1.68) (layer F.Fab)
      (effects (font (size 1 1) (thickness 0.15)))
    )
